"V1" "V2" "V3" "V4" "V5"
"1" 0.265074359955728 -0.443532172076434 -0.37886243391054 -0.176590965411905 0.159898159161209
"2" -0.54136923203404 0.115033567542603 0.356710988996126 -0.233318588814527 0.092894762352958
"3" -3.18601645994064e-16 0.000137250067367174 -0.195342634338108 1.98728768268504e-16 -2.19420978021216e-16
"4" 0.416801506098163 0.438593190989656 0.0205234850637139 -0.19729413292332 -0.266836643003862
"5" 0.333455092161715 -0.313367843563171 0.239412238247563 0.146817544190332 0.206546943786543
"6" -0.404057797542661 -0.449148583958904 -0.0996049002391309 0.178471317203991 -0.254038196391981
"7" 0.38377545720348 -0.242484731890582 0.0165271976120027 -0.166930897497434 0.16405935843281
"8" 0.311864523251766 0.217176255743951 0.242323770478481 0.149112431856649 -0.149258029581022
"9" -0.318221581406758 0.388058895491828 -0.381982259672503 0.261073577658887 0.188315058144063
"10" 0.625985339620555 -0.00151591715261678 0.42658786221251 0.293942913112227 -0.00971436067402101
"11" 0.0917760679854715 -0.115825175877514 0.0473024086535808 -0.0305586591749856 0.0178825274555422
"12" -0.245000153490001 -0.338025267557799 -0.386185141932621 0.176575226727199 -0.117778605768451
"13" -0.463816051928462 -0.246285428502396 0.297581135545043 -0.157499847154834 -0.182482108084744
"14" 0.183181838139292 0.395544136866579 -0.393275427380478 -0.11513995117315 -0.0820792775513922
"15" -0.434100225544523 0.096666157192658 0.075832316215368 0.107697392302425 0.0505456846879613
"16" -0.252114416140592 0.38675741326741 0.0922416999447815 -0.016875022808864 0.225146635827468
