"V1" "V2" "V3" "V4" "V5"
"1" 0.256700738353405 -0.374015645231845 -0.286428564101247 -0.175136144207118 0.15241244589472
"2" -0.54136923203404 0.115033567542603 0.356710988996126 -0.233318588814527 0.092894762352958
"3" -0.000827590569398141 0.00215409758434394 -0.11648001099518 0.00234352259935658 1.70403658820536e-05
"4" 0.28080179146653 -0.000397850033130632 0.0177795968325602 -0.13073330421372 0.0046171137024261
"5" 0.311707523875949 -0.219141886818798 0.241210745405313 0.159093287248251 0.138844908976009
"6" 0.315472577472079 0.399198889114526 -0.0887610243082257 -0.173101236744084 -0.163260589418279
"7" 0.31989128739959 -0.391549896648731 0.0864612548167693 -0.0216759178394656 0.201849708646315
"8" 0.311864523251766 0.217176255743951 0.242323770478481 0.149112431856649 -0.149258029581022
"9" -0.249073884778511 0.321658097047929 -0.284245433110793 0.188335010108922 0.121159963613668
"10" 0.604843317328119 -0.00127638323742475 0.369589341680163 0.177793187001871 -0.00576273510125639
"11" -0.316247535393428 -0.344053145255645 0.0212775526511183 0.137421404954826 -0.17679643877414
"12" -0.198188742873048 -0.349599343530428 -0.316732823825462 0.140989804497824 -0.123192803651669
"13" -0.399125168861896 -0.189851204277851 0.256842649624092 -0.113748882622672 -0.121087836808581
"14" 0.164031565271945 0.276817248020045 -0.294565149989709 -0.115256811014936 -0.0584898868808722
"15" -0.333397568116724 0.0960934080990202 0.0816218750421961 0.0568292490002486 0.043478803680874
"16" -0.292691157233381 0.34677610277785 0.0959085001053342 0.0292945807113973 0.16164118541238
