"V1" "V2" "V3" "V4" "V5"
"1" 0.173556725429067 -0.328256357203177 -0.295773889757392 -0.110658624532768 0.0837459038513252
"2" -0.44983327400239 0.08317233472517 0.29967287035485 -0.179243933538906 0.0565491767967771
"3" -0.000827590569398141 0.00215409758434394 -0.11648001099518 0.00234352259935658 1.70403658820536e-05
"4" 0.305083012236726 0.293816260565779 0.0242573131450994 -0.144396400365767 -0.142140074808133
"5" 0.370974971012527 -0.170605443333241 0.23905948304711 0.111581337236649 0.114272653724338
"6" 0.280075216093089 -0.0492888173531209 0.0179419673093287 -0.129032670704618 0.0292844268414607
"7" 0.266021324441111 -0.399635231851601 0.0102159413474675 -0.074057338146489 0.188166378914238
"8" 0.308159240462485 0.170345285963354 0.239064382123839 0.15900579833997 -0.123173529544354
"9" -0.249073884778511 0.321658097047929 -0.284245433110793 0.188335010108922 0.121159963613668
"10" 0.540259250217183 0.0410503679505947 0.363425213438958 0.233631397339365 -0.0262237042901433
"11" -0.316247535393428 -0.344053145255645 0.0212775526511183 0.137421404954826 -0.17679643877414
"12" -0.198188742873048 -0.349599343530428 -0.316732823825462 0.140989804497824 -0.123192803651669
"13" -0.399125168861896 -0.189851204277851 0.256842649624092 -0.113748882622672 -0.121087836808581
"14" 0.164031565271945 0.276817248020045 -0.294565149989709 -0.115256811014936 -0.0584898868808722
"15" -0.333456841992411 0.0481168446361702 0.0801207051397991 0.0551311611932129 0.0203139282645945
"16" -0.292691157233381 0.34677610277785 0.0959085001053342 0.0292945807113973 0.16164118541238
