"V1" "V2" "V3" "V4"
"1" 0.217081672181535 -0.0555237017123851 -0.0223669491074462 0.0424175282974603
"2" 0.0287374837969828 0.11013634442251 0.0398547796070541 0.0743811522380841
"3" 0.247803455993176 0.0856887337924294 0.16829638511116 -0.0676485498058029
"4" 0.69346340919112 -0.223548071285249 -0.0663017883700969 0.0108426835403407
"5" 0.189947807868811 0.35246790624979 0.254234480299992 -0.0425040964539847
"6" 0.030481797894391 0.0514327114025773 0.0211186600947388 0.0581069705094335
"7" 0.654368552841214 -0.186866756434514 0.0174807331767778 -0.110266181893738
"8" 0.260441037940301 0.145996423145328 0.237759801255068 -0.115236076141386
"9" -0.241076719785393 -0.0794408825509354 0.0591029751561025 0.0646629443383792
"10" -0.131270914878027 0.214372759723177 -0.160137401991027 0.00124935027644361
"11" -0.339597032942814 0.114626806536102 -0.238983245444501 -0.12718519485439
"12" -0.575498419590015 -0.233606278878463 0.208882173651684 0.147332821267969
"13" 0.297394852710226 -0.0629800750849998 0.0288603949181688 -0.0285666911475978
"14" 0.229550100304811 0.144116633127046 0.210518343278185 -0.0831797482049897
"15" -0.122689042480474 0.427437742015784 -0.185872890870907 0.0316945748449828
"16" 0.494444896945038 -0.112101145694769 0.0600966766425617 -0.112367350069459
"17" 0.232712062751943 0.25402455777277 0.240053649760611 -0.0827286155142007
"18" -0.185709247262529 0.353944867178388 -0.252736255374956 -0.0393887240396904
"19" -0.0979999994142922 0.440670710901449 -0.142055761457572 0.0530315043671754
"20" -0.494480327692446 -0.163172071610362 0.0777179982230971 0.0527139923576054
"21" -0.670644273522509 -0.245488127085659 0.163669794110315 0.111909395719168
"22" -0.03469057207217 0.370666711668345 -0.0460178071204176 0.0922396406429501
"23" -0.111285135004398 0.456341536043417 -0.164516279824829 0.0248484861245697
"24" -0.0302028996603354 0.332010126643309 -0.0301564899333645 0.0908914566116773
"25" -0.334886353717568 -0.0692346302329725 -0.0476451672693712 -0.0616996811525028
"26" -0.570231438614128 -0.16354443747854 -0.00052758826757593 -0.0553693665694603
"27" -0.492526961756073 -0.189760979271953 0.153532351089567 0.113279321785024
"28" 0.440737295974217 -0.165470130791398 -0.128584875260986 0.0982912405581181
"29" 0.0206875339469923 0.515241645011751 0.0127930825197609 0.10190759636726
"30" -0.0993426350172567 0.110786903998966 -0.094207363782283 0.0182146263776353
"31" 0.208063487775694 0.105104003735179 0.173430888692076 -0.0618006702577617
"32" -0.607263904950311 -0.199439101410286 0.0826298269683162 0.0445616584534517
"33" 0.122207568831205 0.421464287777447 0.185655624177797 0.0314763122281963
"34" 0.166677568390878 0.399253329178957 0.246411657564935 -0.00895708786203932
"35" 0.498957124205926 -0.168380600518077 -0.0907426921475993 0.0646190409586927
"36" -0.287518953621591 -0.101115315234941 0.0771090877219658 0.0722946366490817
"37" 0.579443690636771 -0.149816436788806 0.0447471761752471 -0.131657249609827
"38" 0.38494982239604 -0.0930542015186656 0.0300941691972578 -0.0560486276717694
"39" -0.390840509855422 -0.104568967846173 -0.00752825219733531 -0.0319782155747239
"40" -0.42654295252771 -0.133583965916724 0.0525644946537356 0.0355033311299813
"41" -0.595681575005717 -0.160862117210521 -0.0336913197810318 -0.118866151980011
"42" -0.209205626760516 0.0211188339540002 -0.0854205379985521 -0.0218879892464388
"43" -0.199502731540897 0.267215435259148 -0.231850592153154 -0.0601929552466068
"44" 0.454208070346966 -0.180659032003683 -0.169342126613448 0.136442627853972
"45" -0.0882281446198876 0.477520864925387 -0.112446619596705 0.0613930869288237
"46" 0.0424051109608251 0.302946309369942 0.0623927327363547 0.0710294942477439
"47" -0.113693099793537 -0.0169022910152914 -0.00137657441481553 0.042433488510162
"48" -0.368260126209173 -0.107360577955978 0.0322382871504111 0.0271531429913206
"49" 0.400574326953564 -0.154841084960694 -0.13449131263284 0.109902473009053
"50" -0.459187612953701 -0.179477548407287 0.152474405418617 0.116075654185397
"51" 0.26471293487552 0.121590621676915 0.217611033601787 -0.105471538742157
"52" -0.603662170989842 -0.210220804411437 0.117670670782464 0.0777443328221153
"53" -0.521475841527995 -0.20860396046785 0.182389033569791 0.13108753168483
"54" -0.576829783902007 -0.145529339520887 -0.0519240916548841 -0.135580384073872
"55" -0.255605793664477 0.165410395270231 -0.238722314772602 -0.101720525797817
"56" 0.263590756315069 0.0750498369451185 0.167059949029414 -0.0785457580270767
"57" 0.367065129962984 0.0845993052848772 0.213653777399908 -0.110680631163789
"58" -0.0245018986872987 0.238709492017676 -0.0244754082603964 0.07951837846824
"59" -0.675699795783072 -0.191441913896661 -0.0234856982547066 -0.127850924372106
"60" 0.0163817651449717 0.527213651024659 0.0119708850449738 0.106136228865311
"61" 0.511373573260676 -0.18614543926105 -0.130182309788841 0.096844210279906
"62" 0.165513893292267 -0.0461522226645461 -0.0326662794755087 0.062322690123876
"63" 0.130501915430005 0.122805045113811 0.120189812221214 0.00583641037659477
"64" 0.318656145635831 -0.0658187300980635 0.0425844588921323 -0.0534922957608232
"65" 0.194274411828027 0.155686692256642 0.183041135713386 -0.0480251825652546
"66" 0.0939897603127345 -0.0107540976394436 -0.0024278105802084 0.048275855959553
"67" -0.456065114816536 -0.165230435488983 0.121158473000423 0.0946192989599545
"68" -0.225657517509284 -0.0102249734276667 -0.0597716584467348 -0.0237559111744456
"69" -0.622531506537532 -0.173798205505512 -0.0225126688320854 -0.107329982626875
"70" -0.240678205733162 0.263658879923079 -0.253721672026178 -0.0933657216589328
"71" -0.035073075603364 0.497097835151432 -0.0252329033458991 0.125325520950165
"72" 0.275192538085567 -0.0655482611374658 0.0150591751999583 -0.013018413909077
"73" -0.282128474405261 -0.0329935271588709 -0.0585764870858479 -0.0399450228769438
"74" -0.257829420891384 0.0469593172467096 -0.133068540592308 -0.0542967233482436
"75" -0.399013086904744 -0.0546346879155135 -0.0786029140709414 -0.0809489975118616
"76" -0.289310864326599 -0.0264958839412757 -0.0678988336775528 -0.047454117135993
"77" -0.387320141611681 -0.024831155707318 -0.103604253417865 -0.0822673109797632
"78" 0.184246311869208 0.336859803757066 0.243820199870054 -0.034170623103561
"79" 0.303602025920674 -0.0809674978596363 -0.0115366695496547 0.0158106908492413
"80" 0.0547883860335741 0.330078492982581 0.0705545916497478 0.0776745402356546
"81" 0.471338646490325 -0.0285008132071616 0.13158565226223 -0.108856543420791
"82" 0.324423813792009 -0.0756322610148299 0.0250379367566274 -0.0339098876484947
"83" 0.191099840742935 0.367117821643124 0.267274435360212 -0.0619320517094701
"84" -0.425009078140118 -0.105434811769737 -0.0359303559737306 -0.0758815085502139
"85" -0.586964357558857 -0.189510295197685 0.0697768224308614 0.0355371137159738
"86" -0.40388155104294 -0.154060348000676 0.125721517528034 0.0994198572681677
"87" 0.204936486191833 0.0862884246083609 0.156756319422055 -0.0580211412361342
"88" -0.485742184759025 -0.159432833801428 0.0773722089090219 0.0563025668383793
"89" -0.219954981840974 0.0985772777335354 -0.170274628793093 -0.061739346347589
"90" -0.612024165984325 -0.177705141289662 -0.00101524978368484 -0.0705320504531163
"91" 0.332397028763574 -0.00787087626307804 0.100813758868146 -0.0640196006454246
"92" 0.103314669406616 0.464588413628076 0.153383025347183 0.0468605181312184
"93" 0.241923356241764 -0.0517993213400718 0.0143470711248646 -0.00071131855256013
"94" -0.155825215186119 0.179257176760326 -0.166413697128001 -0.0105844245507235
"95" 0.648768460935148 -0.229280768921465 -0.142761133394421 0.104986633517568
"96" 0.620773744836767 -0.231766485298448 -0.16479125756649 0.113176617719865
"97" 0.374804715275226 -0.136566942855476 -0.0990273425975446 0.0800035827083349
"98" 0.00738029667983244 0.121403885456653 0.012557625740786 0.0646171927732165
"99" 0.698179823223908 -0.202277055215378 0.0158005593528467 -0.119746997326794
"100" -0.140566043931639 0.427713778071767 -0.221450173116265 -0.022325533921075
"101" -0.5660433510131 -0.19380897739463 0.110321984631837 0.0822021686464284
"102" -0.651655382017329 -0.24935317879553 0.196115413876906 0.142203530925923
"103" 0.502634564118131 -0.0891082102213075 0.0747645281392399 -0.102061799327728
"104" 0.486549526552378 -0.142731965524262 -0.0170416049940339 -0.0181134875621321
"105" -0.229984257748847 -0.0753139938524172 0.0609837801381291 0.0722395514458311
"106" -0.473537684837412 -0.0425094602413163 -0.114783030542076 -0.104626595137697
"107" 0.44971106490897 -0.126984364571553 -0.00351409358831346 -0.0288437795162701
"108" 0.0302669636318946 0.0775917736289623 0.0306610785908444 0.0556569902531768
"109" -0.336260868698871 -0.0515375872274763 -0.064050998131058 -0.0605923843147692
"110" -0.520430765564662 -0.210732895132543 0.19376151984356 0.144039886043065
"111" -0.689534587235143 -0.242671575772466 0.132214157138462 0.0779444414776136
"112" -0.250284147059926 0.0252324582260487 -0.107922181676212 -0.0475991020005318
"113" 0.608590278108624 -0.167501232370054 0.028044538270126 -0.11565777722536
"114" 0.542262299656854 -0.150242743446657 0.0129795864585835 -0.0673298037783443
"115" 0.58031222108084 -0.166451329133273 0.00406989781986993 -0.0670603239683113
"116" 0.645249191189255 -0.178711550010796 0.029674430759483 -0.127946717459532
"117" 0.319550337909554 -0.113810181646061 -0.081800665383863 0.0726801142007817
"118" -0.211512760283747 0.210048677559443 -0.219821973063313 -0.0698580587455201
"119" 0.122141490159095 0.0451813567028196 0.0755379769392066 0.00595536186311072
"120" 0.27674485934294 0.159201197140129 0.249525032054645 -0.118158621398908
"121" -0.742051414990366 -0.222017723158995 -0.00356600039489514 -0.1117054479981
"122" -0.033618202692065 0.0735195659509246 -0.0323645417225753 0.0552311538092898
"123" 0.570341796434244 -0.171422011711038 -0.0251884990765091 -0.0176546419882055
"124" 0.0332731772935918 0.446072168966849 0.0266464229792841 0.102112403710681
"125" 0.650093408182474 -0.229854385482567 -0.133698093704638 0.0870389168068274
"126" -0.292738567558697 -0.0611022817071209 -0.0303973659868643 -0.030229911836338
"127" -0.0711958599349341 0.369188098494031 -0.105667289071237 0.0603004212125305
"128" 0.672427338825068 -0.190423905708438 0.0233463913960128 -0.126369086230564
"129" -0.685507626598747 -0.228384634195127 0.0862779363626806 0.0288343747372723
"130" -0.156219197851936 0.297265923463017 -0.214407889360348 -0.0256482405528161
"131" -0.270020062578157 0.0869946148908398 -0.181384023975699 -0.0838173493426947
"132" 0.0920334358265302 0.239279107307187 0.136781331562267 0.0452379514564611
"133" 0.313277172666153 0.0965714939857285 0.209040952855586 -0.107987335463527
"134" 0.394174273961749 -0.117502551692078 -0.0331045740547029 0.0175075404158026
"135" 0.299130498887271 0.163235662623513 0.272287049736975 -0.142549044055032
"136" -0.0873661166349166 0.0876257991003226 -0.085242045918235 0.0334836708424719
"137" 0.108273758693835 0.255533199420624 0.158451079085769 0.0280543116495496
"138" -0.66381223049851 -0.233674602324769 0.129446215635159 0.0780891358917075
"139" 0.20679015118149 0.322857001002343 0.25723287594343 -0.0689442995174183
"140" 0.0994184127007597 0.37444214954956 0.160214390035915 0.0427195517386959
"141" 0.602137989395322 -0.207458917026369 -0.107023200317979 0.0637136961543434
"142" 0.410667880272703 -0.0250459035184946 0.114191930612309 -0.0931417898087224
"143" -0.0923006813795551 0.234082178902553 -0.135470933838942 0.0447423163841704
"144" 0.395792337027327 0.0134219800745525 0.149366416031102 -0.0966349769749776
"145" -0.494475168305564 -0.174302714008025 0.105736718414167 0.0740347370582131
"146" -0.100537955942214 0.257421515646872 -0.154165990075917 0.0331544701851622
"147" -0.203291088470176 0.287028386765853 -0.236929017063135 -0.0574128691153339
"148" 0.13809428275331 0.326963626126445 0.208427227312881 0.00663673561926595
"149" 0.457418088799354 -0.0638446053453296 0.092483032809871 -0.10068576632499
"150" -0.433013054829932 -0.136287470324799 0.0556344892527845 0.0393090193180985
"151" -0.41715076940881 -0.0998337606023315 -0.0420337193931708 -0.0800093858872888
"152" -0.564809075162848 -0.190807307757427 0.0902835120373059 0.0510755851179786
"153" -0.551741625407459 -0.225995190183431 0.220287120838343 0.169724667287676
"154" 0.451688263152159 -0.160095358644516 -0.108824225584436 0.0861204980102167
"155" 0.0681548792826945 0.519660937563979 0.0641460429837099 0.0954930483557108
"156" -0.0587297119999727 0.142913488874593 -0.0782253427197256 0.0528848863329414
"157" 0.158189967484267 0.301829615737949 0.216957985294284 -0.0242839305978236
"158" 0.254559098745344 0.213365184727957 0.253054971980707 -0.114172748468285
"159" -0.427116807326574 -0.0606846666570247 -0.0864486540594434 -0.0977518089121361
"160" 0.728120402306519 -0.245955758253896 -0.0995168436826131 0.0375316837687247
"161" 0.126193434160546 -0.027314415247859 -0.0072973958566861 0.0425457474755836
"162" 0.469402743990385 -0.139788380667037 -0.0296882956527891 0.0056605242466937
"163" -0.129445279614331 0.0767695708407211 -0.10789484730842 -0.00371511512853212
"164" -0.207218204422764 0.000704261032000964 -0.0663927896938407 -0.0229018764506901
"165" -0.752511415436889 -0.239526611611174 0.0434105458306957 -0.0353424578857799
"166" 0.0463021960339361 0.150202458160263 0.0679609652881298 0.0607225661754056
"167" -0.372950051580824 0.0445097621188934 -0.175175048701762 -0.101659164899834
"168" -0.495736978678784 -0.199554645613439 0.191682768315342 0.153410211795247
"169" -0.383633644665381 0.0589924003759388 -0.1901044845365 -0.0965167445535731
"170" -0.192190436345569 0.363678619121888 -0.265378104046662 -0.0620527208643819
"171" -0.6233878676296 -0.254286996942785 0.227354537427776 0.157274748915442
"172" 0.557036648448471 -0.228904521459044 -0.220334431015318 0.166066646679954
"173" -0.422523971284656 -0.108087797089864 -0.0181158273780094 -0.0440022994458021
"174" 0.606118105372504 -0.239058781018322 -0.199830566304092 0.140906124560738
"175" 0.0330018230822304 0.285519254094178 0.048420716358126 0.0899981398564655
"176" 0.296061231929847 -0.104559488167062 -0.0803498912211729 0.0737639435108764
"177" 0.621629420160658 -0.253040155859939 -0.224754868029298 0.155159790306867
"178" 0.534210507539763 -0.179763496602291 -0.0889915536097154 0.0560408006295465
"179" -0.546092692621908 -0.152117379454709 -0.0113516061306676 -0.0664860947811947
"180" -0.296787446641808 0.167180515137519 -0.272349539939112 -0.138933685680502
"181" -0.628999162179838 -0.220607479460457 0.124813162465224 0.0799214923746717
"182" -0.028422838252072 0.117088459269034 -0.0358643132470466 0.0748271618875639
"183" -0.308332222538736 0.0902066452051205 -0.202152504037311 -0.106735333081039
"184" 0.0172262933944794 0.135315125080887 0.019896030461092 0.0631828115110983
"185" -0.0732669756434796 0.521346860564424 -0.0879643604782474 0.0800554968750213
"186" 0.516179537842386 -0.139372469799431 0.0203317803606332 -0.0753036672359024
"187" -0.108912587317165 0.162070570363048 -0.124339388169506 0.0264781568676536
"188" 0.179713226167452 0.173515803018435 0.180390907554136 -0.0416126099129831
"189" 0.511061835351485 -0.177633312563146 -0.105095727506891 0.077286761803018
"190" 0.259910232302075 0.274704281114992 0.271580952532309 -0.115383333392462
"191" 0.636218364809324 -0.205198268063364 -0.0623661737620443 0.0104647323679416
"192" 0.00193333992140414 0.097660448379761 0.00232341204553367 0.0697534729807395
"193" 0.720105080870447 -0.232839491187593 -0.0617355368999751 -0.00756894568267881
"194" 0.193826650686725 -0.00558098975337005 0.0479318684380291 -0.00612654452527389
"195" 0.580024692060179 -0.227947613680204 -0.190960074370418 0.136732770957694
"196" 0.204289576249736 0.227325422430649 0.206454947737468 -0.0501730613371874
"197" -0.644076382662787 -0.213396426322088 0.0815474955233237 0.0315098546644429
"198" 0.286078066951421 0.0707065416492344 0.170952081105195 -0.082854864489264
"199" -0.00245412968440721 0.121859335069681 -0.00946196802767765 0.0701724425122919
"200" -0.0733862567413663 0.122362136559027 -0.0857445885441167 0.0384982724515676
"201" 0.531220221357761 -0.130545979207927 0.0533617177938319 -0.12721931827893
"202" 0.043185511748472 0.53873502144414 0.048189910625541 0.101510141197145
"203" 0.189146455838775 -0.0406643558652812 0.0013915052199826 0.0286108082748759
"204" -0.0235993636932471 0.411861751292321 -0.0203762465468356 0.0968412100963564
"205" 0.312311850283702 0.128507325263094 0.244793338020259 -0.131052526262643
"206" 0.674146567295812 -0.203332628042297 -0.0121420088962831 -0.0669665340471795
"207" -0.391624372576768 0.015320288878036 -0.150254097425646 -0.0970218598716485
"208" 0.679782904748816 -0.226870373456035 -0.0880922866397959 0.0323488948020835
"209" 0.0950145329276064 0.441129679438331 0.121757461236001 0.0593354638457122
"210" -0.162747125157526 0.351136700370045 -0.237265348274305 -0.020245378267512
"211" -0.162312586753429 0.398124168801428 -0.244321220850542 -0.00882924078096293
"212" 0.3311986001831 0.022131505680289 0.134721701487597 -0.076021442009592
"213" 2.81512804611177e-05 0.183918982233805 7.24745453456137e-05 0.0758271124489276
"214" -0.30549314229158 -0.0802828617934578 0.0069440157147712 0.00909618075745787
"215" -0.542741960507583 -0.137413978892707 -0.0482036912097834 -0.126393809325881
"216" 0.652449976243459 -0.217591085906932 -0.0922949350029716 0.0493771762992414
"217" 0.462892151988508 -0.00324332857998255 0.15412115902269 -0.110802730832856
"218" -0.553587700126088 -0.20405324606597 0.144105959485692 0.102775804883649
"219" -0.32581991913784 -0.120457529419418 0.105145317209769 0.0973895878975422
"220" -0.242628835526646 0.293959464230799 -0.271454520170919 -0.0958675810273154
"221" 0.438751548975496 0.0195209356999582 0.16573347403445 -0.101123776894562
"222" 0.259512793258588 0.0421095151510997 0.128694340286426 -0.0535445011608343
"223" -0.5844016223016 -0.168203608183405 -0.00287146681277023 -0.0662436986302702
"224" 0.0686469900558695 0.488477506031231 0.075357086405601 0.107020350706521
"225" -0.236248401012181 0.246640555318059 -0.234791524313502 -0.0803507119258626
"226" -0.270581733553713 0.147865018263712 -0.241787279217227 -0.117055768680381
"227" -0.090860336909306 -0.00875319633186779 -0.000563295692306888 0.0448299761814755
"228" 0.163721136299966 0.347645660732357 0.235156328366716 -0.0197929146756831
"229" 0.198519423674951 0.00750308020443018 0.0683671453405935 -0.0185999273553141
"230" -0.202132337784907 0.0372721512560746 -0.101316949246625 -0.0265224544252675
"231" -0.384502204589323 0.0867859481355509 -0.224444932017812 -0.125090536955033
"232" -0.0448783804873367 0.297994456931254 -0.0634991619767637 0.068048070885463
"233" 0.712631938971763 -0.242860871576639 -0.112153657638901 0.0619215542573972
"234" 0.160333831809712 0.0576241161688202 0.0972945793104877 -0.00199431487968689
"235" -0.0658933984550856 0.211272325759249 -0.112665317807265 0.0567083103712549
"236" 0.000366582309174287 0.45686283422198 0.00207949455769418 0.107096112765737
"237" -0.396009313382436 -0.0954464463788699 -0.0362511568112838 -0.0702418775038459
"238" -0.458753934018727 -0.183175645150141 0.169935817748501 0.134211957963499
"239" 0.346390142568453 0.00312850971817536 0.121880071413424 -0.0777334510090816
"240" 0.21496285749131 0.262342120444334 0.238012685677711 -0.0746108764608262
"241" -0.393752162607983 -0.11177880612803 0.0185480375919842 0.00484132529071985
"242" 0.280114152241034 -0.0533732175676638 0.0397005458145955 -0.0326217975069595
"243" 0.270516194652487 -0.0227514944318115 0.0608726284347362 -0.0351099362343771
"244" 0.424253926822405 -0.131317644240585 -0.0404347966386969 0.0184803001697452
"245" 0.677199859947895 -0.253037581821751 -0.175513074617832 0.116304611817084
"246" 0.44093517635689 -0.105121200842939 0.0438577491422924 -0.087364451400621
"247" 0.126029898025733 0.0618107368437577 0.0925564520774337 0.00627288543545211
"248" -0.626535923919681 -0.169329292218885 -0.0366673051935229 -0.135209146720954
"249" -0.070712680314871 0.0272315264103739 -0.035383599898059 0.0308682747550645
"250" -0.149163800117 -0.038501999691724 0.0292671300319221 0.060646926259857
"251" 0.17409907681032 -0.0468746316627716 -0.018746749073778 0.0403682402471043
"252" -0.375796471065344 -0.100259391640225 -2.40251632700505e-05 -0.013276930329215
"253" 0.389665364187277 -0.100702993093608 0.0156396107131644 -0.0398687093742716
"254" 0.495729512128892 -0.151192728028289 -0.0378412562598148 0.00794337470670185
"255" 0.215871939420188 -0.0524265147547725 -0.00949015479184358 0.0264748073273919
"256" 0.173643015836356 0.201902504068724 0.186770988184518 -0.0353246550614288
"257" -0.441051861184165 0.0157468008480518 -0.164200138313074 -0.105050221858986
"258" -0.268051562798929 -0.0757146404667903 0.0183386728861179 0.0217848510818173
"259" -0.261365371176991 0.241153964465916 -0.264641912335375 -0.109257410296387
"260" -0.154528280959257 0.208904086023951 -0.164053928353537 -0.00582532764804622
"261" 0.271346740641452 -0.0946637118303331 -0.0810462884000916 0.085233128487841
"262" 0.404524596071979 -0.100662283975709 0.0302667799797026 -0.0642303008272042
"263" 0.744027651075728 -0.235988373414963 -0.0453890321483355 -0.0257189926372765
"264" -0.126810091518073 0.20593562961591 -0.153052279368217 0.00401823606449241
"265" 0.0158042220539178 0.324827381464797 0.0171806420885021 0.0867837656997529
"266" 0.427744856471889 -0.0549063939207739 0.0933546415838713 -0.0977632009221483
"267" -0.423555305411783 0.0434190016272765 -0.190324677138346 -0.113478743620308
"268" -0.0592960025780219 0.0774430474495525 -0.059983101349292 0.0419765279085159
"269" -0.508546545755507 -0.165622326372595 0.0666244896922999 0.0346281154716665
"270" 0.291185680094812 -0.0723072633617576 0.00140439856850463 -0.00028660363740822
"271" -0.162579283773245 0.0835953847799295 -0.130190086681488 -0.0239571345055204
"272" 0.691261412602253 -0.243962439808601 -0.13481431044506 0.0802376763506085
"273" 0.730431511316889 -0.238486551913426 -0.0718313270094412 0.0100360309621427
"274" 0.160688094222215 0.0893497638040228 0.130276410950117 -0.0198738458710108
"275" -0.198530769123058 0.166903784335725 -0.182580875233779 -0.0509439226550573
"276" -0.377437290415718 -0.0889160971452172 -0.0325296085289202 -0.0561209295538123
"277" 0.121727804489685 0.0945797276762664 0.108853315093736 0.0126905470788618
"278" 0.130609226140094 0.151634804236317 0.138878218689157 -0.0046851525893658
"279" 0.0219520377254624 0.0524025856232305 0.015604071420457 0.063279591712389
"280" 0.210752767766809 0.147761037350069 0.196526427362111 -0.05933138171434
"281" -0.59278301127746 -0.223601202905122 0.17366269938019 0.130752263043029
"282" 0.0948014300629439 0.352740507641254 0.151813726033963 0.0585186116362954
"283" -0.00255078672405931 0.431384234207661 -0.00991150635933547 0.109660825480998
"284" 0.542734821673179 -0.193861194986883 -0.120021449792292 0.081073328777644
"285" 0.334314358964003 0.0581917033369713 0.175412780559792 -0.0949594723625812
"286" 0.464215271972159 -0.185693344751444 -0.168125391814354 0.128907877217675
"287" 0.0717881713592484 0.373671343881677 0.106501263824925 0.0611401194890406
"288" -0.426680364167125 -0.0176311264487299 -0.127348470499291 -0.0966672610283583
"289" 0.475671312487194 -0.170021127794764 -0.113032158321628 0.0849612821712085
"290" 0.370472201416498 0.0186400354379044 0.145997363908385 -0.0914391253483257
"291" 0.208228527995287 0.0726455860299301 0.140212540607672 -0.0492942734604563
"292" -0.619815458459939 -0.1921859435991 0.0366855383312071 -0.0194153430595553
"293" -0.0458133930183525 0.538847199514123 -0.0506395002398726 0.0972744616888374
"294" -0.124076862548937 0.0237588173878229 -0.0540279669336225 0.00910971568658511
"295" -0.165513836976511 0.317608680351616 -0.22554698601147 -0.0205479145521106
"296" -0.291678171326492 0.0972005206371959 -0.199970423052975 -0.096766924914479
"297" -0.1571508900658 0.113964645345257 -0.142780607288085 -0.0167198914261619
"298" 0.0516994255895764 0.38324812489707 0.0615879692418322 0.0770066514769824
"299" -0.772736110072852 -0.242184721522691 0.024069771497766 -0.0725566024986839
"300" 0.48200746646497 -0.0981777630555291 0.0700536017940269 -0.109486014415164
"301" -0.689114899658545 -0.21251139040877 0.0257433799267045 -0.0474688297300429
"302" 0.319322624351593 -0.0356755582110907 0.0696158395534128 -0.0522279203151344
"303" 0.0871701220218959 0.0932219619592741 0.0846937682643035 0.03344273050425
"304" 0.361223060279676 -0.0467637209567811 0.0723270845952508 -0.067850287971575
"305" -0.223451402835735 0.342486505723896 -0.277336998898879 -0.0758393936919208
"306" 0.380881429450764 -0.0569312772613762 0.0702179143107705 -0.0741948899369436
"307" 0.122053771825312 0.0275398344193604 0.0550191289538864 0.0119426808301683
"308" -0.126526785814099 0.0573248965435147 -0.0898507390584248 0.00566927620017865
"309" -0.606403999860782 -0.182505705567332 0.0193816907210981 -0.0390282885533696
"310" 0.357459759561915 -0.0844813420563518 0.0330759343387195 -0.0527557792154843
"311" 0.131236890568713 0.436498422401293 0.215623150069102 -0.00175649421248756
"312" -0.331729285428818 0.0954070843807005 -0.213290590550255 -0.112437136134325
"313" 0.461901972538879 -0.176537835162313 -0.139164954350951 0.103082578391355
"314" -0.149067428174616 0.259888412675564 -0.179740844220186 0.00625910695360842
"315" -0.453117277826696 -0.0339594725820327 -0.118856051131457 -0.101357618675035
"316" 0.368040351553673 -0.0136071347082995 0.110370789135407 -0.0753863434536846
"317" -0.0312453555789618 0.38835621813023 -0.0313086530859968 0.0897597852720013
"318" -0.21867638445335 0.0800652542117709 -0.154169085468305 -0.0575843556764876
"319" 0.552635934345557 -0.2030187301571 -0.141213643525123 0.0996961048243143
"320" -0.659836774287898 -0.193712724267391 -0.00164137725097024 -0.0758965894782609
"321" -0.21836907698599 -0.0552353775280318 0.0178316106245286 0.0390221367928832
"322" 0.284072836259627 -0.016324998779949 0.0801093255276845 -0.0518752659405581
"323" -0.116734929849844 0.357615769043946 -0.174923325301466 0.0231533063140328
"324" -0.082431860103261 0.300725301740647 -0.122917056574633 0.047360059222641
"325" -0.396379099762355 0.0601604231838575 -0.199542251638521 -0.113571222713846
"326" -0.273902567133027 0.271008999489412 -0.273372262702852 -0.118491523831053
"327" 0.159047455739744 0.109796166539319 0.142213022807394 -0.0175758174876464
"328" 0.287888953429235 0.133026607048789 0.238497801015955 -0.124047188485336
"329" -0.242242923581883 0.0780697120651957 -0.157857503648626 -0.0627167712254959
"330" -0.73990431171185 -0.224693689898544 0.00700093375428267 -0.0936512120564621
"331" -0.264164225975856 0.0791165219902776 -0.170775646256494 -0.0790871314639201
"332" 0.421384769013576 -0.0161986513028081 0.127911792574315 -0.0973884657039014
"333" -0.390485034511835 -0.129008363855224 0.065461986671713 0.0495452230161832
"334" -0.418906352504444 -0.0750753349067044 -0.069091025611884 -0.0869365959521785
"335" 0.0684703879167999 0.437381854678047 0.0901300824127437 0.076880503013055
"336" 0.237477378212356 0.304057775141429 0.262729728545642 -0.0795616074163922
"337" -0.718115723181179 -0.228664812326552 0.0491542289425028 -0.0226493767618134
"338" 0.73891690166069 -0.239836433235515 -0.0645843337890734 -0.00573556140852316
"339" -0.427341363709516 -0.159803595545278 0.120520699386342 0.0918086247368568
"340" -0.330344142675475 0.0553914292937232 -0.169913235678376 -0.0905756295265127
"341" -0.373071236708758 -0.138204302122968 0.104811573350529 0.0850155748619941
"342" -0.0685909471921585 0.487693316463789 -0.0757885453948042 0.105494737916217
"343" 0.0626812263812278 0.327211527299284 0.0858310658411586 0.0753049547756997
"344" -0.507489521042402 -0.0879265059508487 -0.0806476913963274 -0.110922870876779
"345" -0.0664583845735561 0.516508021916935 -0.0594459569321875 0.0910490749900194
"346" 0.530137683542285 -0.153812694735348 -0.0111079961300552 -0.0314930182209209
"347" -0.270771627709373 0.205172603721745 -0.25336952458155 -0.121835703985156
"348" -0.24164157799184 -0.0249844380707769 -0.0525393350656457 -0.0250956592939113
"349" -0.533792322254308 -0.18064841602432 0.100393886551982 0.0723280354216748
"350" 0.0951314065306963 0.400386605820642 0.137789746182538 0.0563495839887491
"351" -0.618147647888694 -0.218542893762453 0.136325569376491 0.0968336635499278
"352" 0.574356436668674 -0.214734507605564 -0.169279102302157 0.134006093370064
"353" -0.491530306082003 -0.149270243117944 0.0357495268476788 0.00546569662771221
"354" -0.0984248631004686 0.380693830939592 -0.157271818014502 0.049378571131591
"355" 0.520773171945145 -0.16042522542248 -0.0396897711900393 0.00374104517982031
"356" -0.449987041615611 -0.142529095136292 0.0543947701888224 0.0318780684219961
"357" 0.3884749822295 0.0323478862299872 0.162391540362451 -0.0960411639516808
"358" 0.163664552470541 0.32097402928348 0.225974631639393 -0.0194615149155143
"359" 0.35444209058176 0.0409135932775002 0.161512972173852 -0.0892958266417486
"360" 0.0234079724281324 0.405701243965893 0.0197359828010694 0.0950955367173928
"361" 0.264425314593325 -0.0756740197552727 -0.03411769447819 0.045505642012976
"362" 0.714939816855886 -0.227201201519411 -0.0479134794166103 -0.0231887879458038
"363" -0.544693781102525 -0.157984039833907 0.00785293236543395 -0.0413993130356624
"364" -0.60127269976266 -0.238255891925057 0.199986875442596 0.140092410117825
"365" -0.337387626758601 -0.00905027703425411 -0.101949514661407 -0.066361156261695
"366" 0.0859248852971201 0.456893196416636 0.109327977463226 0.0556211723886241
"367" -0.0764933521326707 0.45806781143905 -0.103597209929609 0.0640805595778713
"368" 0.588571040197501 -0.161348191699855 0.0264354215866882 -0.106040716338685
"369" 0.276708437159804 0.210249572369372 0.259766918833243 -0.124129191013187
"370" -0.668573372124085 -0.219897230939774 0.0771160655077461 0.0226792927956049
"371" -0.00821364061988327 0.353893627053566 -0.0174185435250985 0.0900549114097468
"372" 0.244837217175802 0.290109329018226 0.272476283254661 -0.101154116586102
"373" -0.634638349589083 -0.198976172824916 0.0448389137042491 -0.00608329210418094
"374" -0.128891346953902 0.432404589278862 -0.21122415028845 0.00318190613386214
"375" 0.538811352643357 -0.199467221623366 -0.15047493677851 0.116066637936319
"376" -0.17669819722116 0.0997191702936714 -0.15212080951278 -0.0394172597444877
"377" -0.213151015512401 0.0695162749160687 -0.136655184080866 -0.0433746201224784
"378" -0.155165863723093 0.265414616696868 -0.191116902908871 -0.00888700385163583
"379" -0.0984524266237449 0.0512011502964327 -0.0657318928043824 0.0232204590592748
"380" -0.105080583457326 -0.0091708764231326 -0.0129718200480096 0.0279836699795582
"381" 0.334994458324644 -0.108639058702899 -0.0573318872208484 0.0513530812448802
"382" -0.167526054993936 0.0126574050336903 -0.0618856597100819 -0.000874786199415565
"383" -0.250668220849877 0.220907520410544 -0.253329973391884 -0.105635586876463
"384" 0.465480550900849 -0.146281412850634 -0.048380945044904 0.021603123090382
"385" -0.288761257286198 -0.0860169140786601 0.0467645147161465 0.0549783584475252
"386" 0.175895328384408 0.103965941707443 0.154585841126501 -0.0385409577817975
"387" -0.728063453051386 -0.244386143383205 0.094240804544208 0.03226282677571
"388" 0.430274872563707 0.00123347648189074 0.145225614704325 -0.0992716748449757
"389" -0.193577838293152 0.327811616529603 -0.253037879688688 -0.0583651267471806
"390" 0.334091745355111 -0.0930819228739574 -0.0122336531151139 0.00331968685215501
"391" 0.302794545480814 0.143257528167343 0.256422746709325 -0.135328698311513
"392" -0.100676342268014 0.331551983167725 -0.164379818895575 0.042347073695363
"393" 0.5350325080165 -0.195255081778808 -0.134191306593031 0.0967614364280378
"394" -0.663330133230383 -0.209238055796548 0.0448712339606808 -0.0184927414575902
"395" 0.608909083303875 -0.21248817731484 -0.119989944347012 0.0796777915930534
"396" 0.265807475815309 0.0876266762361281 0.182056871277371 -0.0862303552113289
"397" 0.680115431448803 -0.19886340528835 0.00808694264609577 -0.100710197700546
"398" 0.568399612694026 -0.211287513664912 -0.154115556836838 0.112132836628474
"399" 0.63432395315441 -0.260069995022209 -0.236388281295018 0.164438693051613
"400" -0.407869746467075 -0.027804695112058 -0.106202684339723 -0.0831986885752222
"401" 0.243595064917844 0.013608150097879 0.0874667451839999 -0.0330366195971848
"402" -0.129745563078687 0.37950576952137 -0.224068462960286 0.0127885095259909
"403" 0.115787933490776 -0.00863155631436163 0.0171105841502517 0.027429864443143
"404" -0.326309884051853 -0.0878111079849019 0.00140558050261603 -0.00794088008780092
"405" 0.650945120143187 -0.248206501294539 -0.190465818234911 0.134682784197885
"406" -0.347416833861046 0.0511834019895167 -0.173141454000801 -0.0983044430664441
"407" -0.0328660593847419 0.18872326358314 -0.0493437185169194 0.0704447773507763
"408" 0.482512566040802 -0.133763475588738 0.00191878306834487 -0.0379419301254316
"409" 0.511432991107591 -0.207249985222647 -0.195248747092841 0.149474144459898
"410" -0.161076689133602 0.0628705933453176 -0.1111383715115 -0.0229951651965925
"411" 0.00528362375458017 0.154530003552163 0.0149243708660361 0.071637306265862
"412" 0.64652119140137 -0.202624814105217 -0.042574087421508 -0.0166588933242927
"413" 0.0637464183844817 0.0454146072752323 0.0467552983809335 0.0390190350209627
"414" 0.0725632304948841 0.0709556763509225 0.0643421991474484 0.0401067456635107
"415" 0.289005120665719 0.220954019911761 0.27439204303591 -0.128249172835415
"416" 0.385548654321505 -0.131206045442615 -0.0805039329400112 0.0678825903565183
"417" 0.420232143795489 -0.144823990348873 -0.0884153914903252 0.068304934244453
"418" 0.17032630652125 0.233764354500004 0.195730296040487 -0.0371644161961584
"419" -0.0130573249369605 0.262428178491319 -0.0158881693927913 0.0815560954810786
"420" -0.337265615326863 -7.90848390226093e-05 -0.11701395013134 -0.0784056166702504
"421" 0.0187072868197005 0.31207031676873 0.0183044335388549 0.0834003921032812
"422" 0.508589207021448 -0.145113046031451 -0.00753888026330601 -0.0286077327186026
"423" -0.513465859056361 -0.1872910814684 0.132798702480391 0.0999840663565818
"424" -0.248493382229116 -0.0847256077887904 0.0722197491616827 0.0829082368531889
"425" 0.247954032024536 -0.0640275347200168 -0.00574763168061354 0.014846383885931
"426" -0.315641650323612 -0.107695857120558 0.0715967792713715 0.0660060281622477
"427" -0.294429071687008 0.207806289682885 -0.26631978126125 -0.126465266291763
"428" 0.0504137859643332 0.258636425309646 0.0722048243977225 0.0736431927780872
"429" -0.661403726654045 -0.235721135678336 0.145077707128736 0.0998254594661623
"430" 0.28967469149117 0.0180822130331516 0.113999386810106 -0.0538263973184367
"431" -0.0130259308832035 0.174479825184196 -0.0187064244421249 0.0766532566169932
"432" 0.249074870860291 0.239401734367903 0.251859286885106 -0.0934650085906722
"433" 0.0355013023263736 0.376213435702965 0.0473002145400618 0.091113024095097
"434" -0.415370096567407 -0.11622711422623 0.014317128556033 -0.00202130571264177
"435" -0.053248951916237 0.236593008845481 -0.072669640581887 0.0696904624225757
"436" -0.211219302912473 0.153853281309479 -0.195417040425302 -0.0575589394133006
"437" -0.668457314234458 -0.253663857691125 0.188752883642874 0.129868386622494
"438" -0.356240858872817 -0.0454517943990324 -0.0713940699055848 -0.0657381294721105
"439" 0.0512185228721521 0.171210479539541 0.0727571874363277 0.0680456758898802
"440" -0.023677937033919 0.148462676074576 -0.0273608219520001 0.0653675144062994
"441" 0.0972982949472819 0.165777405517458 0.118805864815253 0.0276532637379225
"442" 0.475704178668213 -0.0623580474947002 0.0971667276282912 -0.101010507170674
"443" -0.0619495984930824 0.255550763938494 -0.0921479901107471 0.0649324154316312
"444" -0.350436183220132 0.069127155423514 -0.189096423647408 -0.0987177200074973
"445" -0.226730475455228 0.193858807836211 -0.219547825467344 -0.0807383800559026
"446" -0.661235339568037 -0.226131013015559 0.108189925299032 0.0595014228555842
"447" -0.268833004086201 0.0600373812946079 -0.145933206897897 -0.0548565624690402
"448" 0.382530757048489 -0.043483962952609 0.0880591036575537 -0.0802555351831634
"449" -0.302603334436216 0.00660130235361787 -0.106814639468875 -0.058815138280487
"450" -0.575545701769214 -0.183452260990273 0.0553194369521535 0.0114450810563706
"451" -0.407771156788522 -0.125363874955341 0.0496353250782169 0.0373274022343762
"452" 0.544503080214469 -0.168916643268699 -0.0392935889464234 -0.00329827521853301
"453" -0.145136457812976 0.308178248057604 -0.210771177676019 -0.00889560323795068
"454" -0.0665730358625606 0.384449423888603 -0.0925897311870406 0.0789435697415388
"455" -0.0336509504850512 0.516123349947002 -0.0206314692075446 0.111500707840554
"456" 0.463747412737777 -0.115449769939807 0.0399498488821645 -0.093502490309892
"457" 0.236135995778013 0.0453034425588779 0.122511258132219 -0.048934892868099
"458" 0.252468846180083 0.102771008042154 0.193172091559865 -0.090019445911387
"459" -0.257743892203967 -0.0832906201815967 0.0529403233058405 0.0545498204881355
"460" -0.0635888909141319 0.344255513785513 -0.0854066629162694 0.0843906797834071
"461" -0.560942193549012 -0.208841198793883 0.158054061465865 0.120501632803464
"462" 0.465558704036488 -0.0428898870241964 0.108833655148973 -0.0956002415039014
"463" -0.396752963490388 -0.135051583847953 0.0886671889841549 0.0792303543602304
"464" -0.488369211859739 -0.132195777466479 -0.0125888157074008 -0.0555210176706962
"465" 0.316848368536048 0.0718000082092817 0.178102865914654 -0.080871949746014
"466" -0.138336956432156 0.0116847195420699 -0.0467197610844285 0.00757492563733556
"467" 0.0586854127243669 0.226714418416619 0.083616742229792 0.0693396039647765
"468" 0.472296852130479 -0.153574839594044 -0.0644631317947612 0.0382011985975155
"469" -0.0386812062161191 0.46152559283893 -0.046302331574189 0.0961225860695275
"470" 0.147909483144043 -0.0138047406387494 0.0218902581904493 0.0216980856228702
"471" -0.181522945744864 0.287815730932224 -0.216793568146885 -0.0310889333557126
"472" -0.23730953871259 0.316675446292962 -0.268836217018229 -0.0851548073952732
"473" -0.672024415819514 -0.201938459521816 0.0101847374206494 -0.0686357098386403
"474" -0.301417457567871 0.0359069830052818 -0.140069257354813 -0.0763532138210968
"475" 0.673451161766172 -0.215533488016301 -0.0580248825546693 0.00340905652171394
"476" 0.297531086566421 -0.0347992384132128 0.055998962131809 -0.0333113210191563
"477" 0.538606941128624 -0.138853050475456 0.0414430139106733 -0.11693456455956
"478" -0.269435667701896 -0.093662425939419 0.0791864623916431 0.0831448556888416
"479" -0.377829288491639 -0.113701074554928 0.0434399090775867 0.0380070135638406
"480" 0.580551497098288 -0.186286786152702 -0.0594590419496935 0.0157284103785883
"481" 0.44601094689141 -0.129682943751743 -0.0198888721876984 -0.00595172654663339
"482" 0.614117539402805 -0.176874360482655 0.00574584554127787 -0.0768120098794848
"483" -0.247454100472963 0.0115856667016306 -0.0869916416985595 -0.0345877879214985
"484" 0.339897616722415 0.119832580683056 0.248596177721945 -0.141062632435679
"485" -0.09661560585668 0.417999079381631 -0.140734588931134 0.0655891412412829
"486" -0.325228011606981 -0.0947880760982459 0.0314641271968533 0.0282173858791637
"487" 0.13194139946196 0.202208270595039 0.152185141578547 0.00305321719853225
"488" 0.149290124266002 0.142039654855607 0.142043566464068 -0.0150571274986246
"489" 0.0419353480502119 0.215715904326339 0.0660582567710091 0.0622814243834733
"490" 0.144386491054615 -0.0316162349173686 -0.00410645955823649 0.0353619576783281
"491" -0.349765896065445 -0.0871667455153473 -0.010637434241382 -0.0202460571827293
"492" -0.00114347229561294 0.21358803753167 -0.00886187648277859 0.0828779263311413
"493" 0.161984316871801 0.183123764571012 0.173949087800123 -0.0227559621986558
"494" 0.463667668084125 -0.134918429126847 -0.018698344661704 -0.0110522116696932
"495" -0.302572002782486 0.0806808180226356 -0.184860389741918 -0.0884358675928498
"496" 0.147080193726524 0.0767109716496353 0.116176565900871 -0.0142488248325222
"497" 0.577884729814323 -0.234916701725121 -0.211083045949531 0.149202809882531
"498" -0.639068801470895 -0.176768748769736 -0.0298654107886414 -0.119311601717535
"499" -0.517055752136763 -0.157496222612194 0.0342134865712843 -0.00265734606070973
"500" -0.624995176671515 -0.203625961149807 0.069313343365379 0.0197063192277373
"501" 0.0632730820481691 0.205667667027575 0.108912911650659 0.0627040820763897
"502" -0.443890155537086 -0.0748965436374829 -0.0723305954159676 -0.0910520237311569
"503" 0.566760664231458 -0.177321715766144 -0.0458808514870066 0.00291073999553453
"504" -0.478851306424049 -0.117785757195756 -0.0464856521038151 -0.104381959357013
"505" 0.000338446030386082 0.278960819589423 0.00352818797110044 0.0916441826038432
"506" -0.47517926669658 -0.0118893206745027 -0.147914467569574 -0.108944841287871
"507" 0.0738727775584355 0.168975435235767 0.0969908569481844 0.0481422698990931
"508" 0.769407038817475 -0.240981198965439 -0.0238015068731009 -0.0717838092549338
"509" 0.393169733419319 -0.147419084904231 -0.116214626764075 0.0908971706059085
"510" 0.695113010735284 -0.234931306913019 -0.101073780875626 0.0457190980939134
"511" 0.0995889009017164 0.0487575491915492 0.0616409464588897 0.0260169556862966
"512" -0.732288213355004 -0.229178611012367 0.0324130323477878 -0.0512037052606898
"513" 0.151733529718062 0.254138685751792 0.18736000358349 -0.00432964731027852
"514" 0.730320250284786 -0.217157819703539 0.00663049282895333 -0.112611510204433
"515" 0.202432738586598 0.0425275834078129 0.104728918390016 -0.0256505040116557
"516" -0.099498008628366 0.486031237501773 -0.129999127958505 0.0749484396180739
"517" -0.382941066457151 -0.146937002564043 0.130450298575318 0.109935998761122
"518" -0.46113492163519 -0.0659903769581218 -0.0910745455694455 -0.100137379696914
"519" 0.589213977457061 -0.210580026581553 -0.131169197064834 0.0893677638854934
"520" -0.691756155127225 -0.234048865229351 0.10425776587773 0.0540780721267467
"521" -0.404821577180709 0.0388531538433993 -0.178566764335018 -0.104966324323819
"522" -0.144928694133701 0.0729928136875931 -0.111375955527937 -0.0112202778048615
"523" -0.338860379218009 -0.110309510163098 0.0582377395886602 0.051421271510657
"524" -0.552227232669465 -0.150455021833551 -0.0213087544129841 -0.0827568895855013
"525" 0.770846109558254 -0.244968877662568 -0.04153472713718 -0.0465443721665539
"526" 0.292312782099851 0.0934495437219949 0.197324486019295 -0.097399163344614
"527" 0.215545605825176 0.233125323022522 0.2229185031853 -0.0695733837497614
"528" -0.193349962591828 0.101765173656746 -0.161890696203968 -0.0499245079382562
"529" -0.0629593129332669 0.293865870988207 -0.0951599166177062 0.0764713044538023
"530" 0.0640796749471652 0.350013761820476 0.0871894049232187 0.0853507491621436
"531" 0.116364035377162 0.328427429400316 0.186772489703424 0.0278048573447666
"532" -0.257467537901134 0.101412718779014 -0.193438966938129 -0.0902224236083332
"533" -0.255683594453781 0.120917963557296 -0.212577548050596 -0.0993004023713224
"534" 0.0616216210638722 0.132747996951704 0.0770533904125257 0.0511257884266769
"535" 0.481414934433952 -0.119709415000329 0.0442369792302442 -0.10272313953401
"536" -0.0558782549949812 0.324960287156038 -0.070686679880878 0.0770164891609658
"537" 0.398601909204703 -0.109679041172084 0.000384863162209753 -0.0244758883841742
"538" -0.299387698719924 -0.0923353407728146 0.0388826284103701 0.0377322180249927
"539" 0.337751645506 -0.0813766067815635 0.025470962224601 -0.0413202440872614
"540" -0.177345648060703 0.177540985841792 -0.182587408921716 -0.0439579273345614
"541" 0.557477397603372 -0.227917120745055 -0.208697206249237 0.149029269250115
"542" -0.494845336264005 -0.0510271422128116 -0.112830531486752 -0.107168205137077
"543" 0.673803215219845 -0.221029884754139 -0.0749549872742899 0.0194998432197472
"544" -0.167740051882235 0.208465969555356 -0.178948418321363 -0.0238600294230697
"545" -0.0610588721991409 0.44690722122346 -0.058764527151799 0.0807216334218903
"546" -0.0958836730768733 0.445038169666493 -0.126575015525062 0.0602925803406203
"547" 0.634745379306321 -0.222056654863434 -0.122314258722335 0.0755419183352704
"548" 0.262298527748225 0.246728623081549 0.266436628061478 -0.108883386490089
"549" -0.508097692121931 -0.199754997473251 0.168359404322091 0.123332855322672
"550" -0.0475782053938425 0.38783172599026 -0.0605232840780751 0.0783338661762798
"551" -0.493999198005861 -0.176589529760791 0.113846374493241 0.0819518744574417
"552" 0.740573658392483 -0.246002726286619 -0.0875785514595192 0.0252903158489347
"553" 0.140288498256834 0.226727669463357 0.169606500401061 0.00361143035868989
"554" -0.279472091197262 0.0369334157145797 -0.128612762449358 -0.0594693138478122
"555" -0.170042257961198 -0.0324450913934149 -0.00320947826231225 0.0282790228099101
"556" 0.118074046204671 0.194543412326571 0.137786782076658 0.0162204389674073
"557" -0.460778061422267 -0.109770043424975 -0.0487528417875911 -0.100905581087991
"558" 0.334308747678306 -0.123437459549072 -0.0934629282754685 0.0774757519381065
"559" 0.417824210221628 -0.121212206697176 -0.0215736668972049 0.00194051098626204
"560" -0.0536454298582451 0.177295089229943 -0.0744237055289459 0.0681643995212303
"561" -0.682680853891066 -0.200150364942964 -0.00685138091377346 -0.0997788378278958
"562" 0.266863956072908 0.110976933919331 0.204942743402337 -0.0953736392945217
"563" -0.659415023806732 -0.220471949537606 0.0960411436292205 0.0539918682616298
"564" -0.174403988940868 0.0469497688745092 -0.0977656460765757 -0.0191453390479551
"565" 0.353195483165424 -0.132522103492522 -0.108681751241878 0.0921133365531405
"566" 0.418649914465988 -0.0807379313793092 0.0651294715252613 -0.0873654715160437
"567" 0.124578898169752 0.399067862339928 0.205567452897214 0.0316155597290767
"568" -0.290828143435571 0.190090392921557 -0.265809542378922 -0.119111271339363
"569" -0.0953940394298246 0.287863909110042 -0.163940957515848 0.0435710154038893
"570" 0.00010038641873872 0.490806376820125 0.00131384879230434 0.124684616184063
"571" -0.70926576189607 -0.229650172183146 0.0644212437755133 0.00178921179001782
"572" 0.0296611300419345 0.198949899973655 0.0354216379202916 0.0818599828510235
"573" -0.458854437480652 -0.00160218128673678 -0.154625365084675 -0.110673208108876
"574" -0.210648060696753 -0.0678825527764279 0.0553318879736955 0.0741052965090105
"575" -0.364705604612757 -0.0115543419378761 -0.111854604425526 -0.0760200388998006
"576" -0.113375223695424 0.019809984844649 -0.0402457733756159 0.0257060460753998
"577" 0.402403886823791 -0.137501195625531 -0.0912202600265892 0.0813334982448457
"578" -0.0822993537284408 0.250882390961042 -0.126465749451844 0.0555933796684932
"579" 0.089370093438761 0.383767040565928 0.122035902449015 0.0511701098170496
"580" 0.39347384592791 0.0727858768193677 0.213703206342058 -0.121485456734002
"581" 0.721125018652036 -0.218015046231442 -0.00609324796897843 -0.0885717349141111
"582" -0.347628366432785 -0.112780670315686 0.068503058999065 0.0673279086246768
"583" -0.102984963678957 0.185313585946503 -0.125020892259687 0.0303176995784491
"584" 0.0265686685134788 0.17469646085941 0.0353272079913246 0.0740515103764789
"585" -0.00515841535652612 0.304634388041636 -0.0129470340134943 0.0823448933916157
"586" -0.138733356197845 0.367260391690211 -0.232157918482249 -0.00597307967266747
"587" 0.569368807502336 -0.182234687509278 -0.0608626048927262 0.022465978298385
"588" 0.326247941793083 -0.0444609726341382 0.0674949688891708 -0.0597068464996509
"589" 0.348034988589854 -0.112452741333339 -0.0692216244409757 0.0694545908517734
"590" 0.455108692666615 -0.161706131985244 -0.116982970290733 0.0952826828100184
"591" -0.584925554076602 -0.176073068443912 0.0232399187269082 -0.0290664384426281
"592" 0.423237435764018 0.0387852198429053 0.186131480177075 -0.11351550983778
"593" 0.40813977360886 -0.0671026177518549 0.0734197505920385 -0.0865694561521739
"594" 0.471854880811421 -0.152827990517228 -0.0721845888944767 0.0554106864846189
"595" -0.481912510478464 -0.141322213484684 0.0174578822547597 -0.0168479888550555
"596" 0.117469211987799 0.273721648045553 0.174547790436509 0.017374387674959
"597" -0.369295413848862 0.0142656655889016 -0.137499619734007 -0.0845387287394415
"598" 0.499686429278004 -0.0487875184974283 0.118713806774331 -0.111367506678302
"599" -0.24569918826824 0.233709017574305 -0.247915437337088 -0.0885572970486295
"600" 0.0831554286009414 0.213895404769523 0.125988577001555 0.0419316706733977
"601" -0.0324499267315925 0.441698336520108 -0.0237662815932344 0.0995836240119886
"602" -0.546276701330558 -0.173272815669872 0.0612527696958787 0.0334607921744354
"603" -0.0940619336249758 0.0230991428484643 -0.0412309788979094 0.0285606183729377
"604" 0.145403059119986 0.182803041504872 0.157701216049901 -0.00441378727558964
"605" 0.569217710490853 -0.192266128409729 -0.0902604448886862 0.0502754667610979
"606" 0.000873037138628963 0.371673818386995 0.00607848151835113 0.0956505126117572
"607" -0.628366315276803 -0.239043043593866 0.194228033721839 0.150051371470028
"608" -0.0840600070684772 0.339653258848829 -0.125222084401493 0.059044124696631
"609" -0.387224440967421 -0.00565783295187095 -0.125063249626054 -0.0859398276097343
"610" 0.591618461764484 -0.191603914130731 -0.0710757968481414 0.0345382459602382
"611" 0.35438559403713 -0.108075282342619 -0.0392534977360397 0.0317006637773329
"612" 0.639261746434318 -0.191850299666387 -0.0135127832575768 -0.0531175455112953
"613" 0.189313970067162 0.246289962227309 0.213028252576985 -0.0458246950638845
"614" 0.237920001270862 0.182480219705771 0.216404328570621 -0.0868176820731935
"615" 0.489107720345312 -0.160652248527703 -0.0744314289283921 0.0488417819440726
"616" -0.0318277935760951 0.0432510034896716 -0.0179951915399015 0.0584835612007084
"617" 0.41720323096076 -0.0927437724177415 0.0530512854331606 -0.0867666537740692
"618" -0.0343406799162095 0.422758805316611 -0.0348233208051391 0.115400556133979
"619" -0.334559872632821 -0.0273870818499018 -0.0851665411324999 -0.0637729138699927
"620" 0.676673530819199 -0.227656837630805 -0.0976126339427667 0.0480981194542252
"621" 0.438627228760452 -0.115693878502017 0.0142525719517867 -0.0462148020661132
"622" 0.669283180021489 -0.211374675447344 -0.0451200506400162 -0.0198732298728229
"623" -0.418135576996666 -0.144982203148714 0.0942996123588423 0.0775777938642997
"624" -0.688899404407743 -0.208724713881749 0.0132380730812706 -0.0693940217188479
"625" 0.0435660710965687 0.125322591803244 0.0664491605708286 0.0561285871071855
"626" 0.531492459475651 -0.0965510055026159 0.0833415056455939 -0.122313089491153
"627" 0.329268977199328 -0.122020769052639 -0.106572827974296 0.0981402731553958
"628" -0.636003629610973 -0.215542250433066 0.101253791410228 0.059304621407052
"629" -0.232714507694941 0.0224195194054744 -0.0964039564228094 -0.03672758969934
"630" -0.194823482736295 0.279621918006709 -0.225139851785553 -0.0414652495721415
"631" 0.278584483223315 0.0098551394178165 0.103674771971116 -0.0538427089248753
"632" 0.35491720566479 0.0520215792938995 0.177280750419667 -0.101238323441751
"633" 0.100520084683192 0.123651467912295 0.100866858063669 0.0212022550385096
"634" 0.0458183925674021 0.458877792593646 0.0557425591318714 0.0843717804886862
"635" 0.748047317626196 -0.245469044520765 -0.0760254221528713 0.0109581028299929
"636" 0.308888622467438 0.0211233787235531 0.116990158589961 -0.0543955223690514
"637" -0.0940279258319476 0.347503317030135 -0.149922505089729 0.0598401886089244
"638" -0.735856547926922 -0.238806760218028 0.064716926940723 -0.00466007289269302
"639" 0.387033204092659 -0.000755618121396486 0.12725457088661 -0.083992216331738
"640" 0.0867737907067184 0.255453200967233 0.134436484437744 0.0577787170812907
"641" -0.423571963921896 0.0134236238317064 -0.155245483030551 -0.0991938123911111
"642" 0.455886078947844 -0.0794920295324451 0.0766788812566399 -0.102858077166455
"643" -0.671223556193681 -0.214134786363493 0.0538905490709103 -0.00469693463588651
"644" -0.177295283505858 0.131449855619726 -0.16780254629394 -0.0402363708492499
"645" 0.571471307691451 -0.16566981215679 -0.00316688281920226 -0.052871657166144
"646" 0.763289415674241 -0.233577176225753 -0.00968658986020146 -0.096636374946813
"647" 0.254297317780936 0.0121030700648447 0.0927357669755784 -0.0409538284101248
"648" -0.501360135949739 -0.122135517477922 -0.0503969360648768 -0.114257637281083
"649" 0.67001385354423 -0.239205439306011 -0.149882303935985 0.106463927159865
"650" 0.491774432442993 -0.129679245261444 0.0236481101039672 -0.070390564640193
"651" -0.325163352617421 0.0317674888440714 -0.143394539351683 -0.0782099139377236
"652" -0.302088504039533 -0.0642567470126167 -0.0259291342418133 -0.023246517770513
"653" -0.285898575556751 -0.0716714917790644 0.00512411599360785 0.0129806276121695
"654" -0.250385349022078 -0.014533828304338 -0.0661237815488087 -0.0287850272779051
"655" 0.00690680107187416 0.209040576462042 0.0172539626957454 0.0685078630090438
"656" -0.3479180881192 -0.0996829274719285 0.0282348424760128 0.0271095170506804
"657" 0.103358889082025 0.435921968522596 0.153139285722339 0.0307643004070058
"658" 0.590211530478978 -0.179588665134715 -0.0292985739208093 -0.0201251579455652
"659" -0.0316225220940162 0.475489531646313 -0.022052639218297 0.108091968463366
"660" 0.264506672489311 -0.0733601316456044 -0.0127102998470014 0.0167901245132923
"661" -0.199049366586508 -0.0334212847350675 -0.0260428748401008 0.000475789838050024
"662" -0.149139317013384 0.157484378575454 -0.148856689129003 -0.00962189854080219
"663" 0.624467612580574 -0.194842559564614 -0.0428128607058992 -0.0052219403327799
"664" 0.564669040093626 -0.205241933882657 -0.135960039186508 0.0938169187496917
"665" -0.547446689994001 -0.195155945348185 0.119724862399178 0.0804953335267928
"666" -0.196939061658747 -0.00842302256399031 -0.0471647681748603 -0.00679406334398519
"667" 0.117389631537972 0.0175596542966941 0.040131563322532 0.0210143955167178
"668" -0.560801838665286 -0.167702630103317 0.0221300470068553 -0.0232231161899955
"669" 0.312950740713281 -0.0967110686504734 -0.0441905158835833 0.0406001270275416
"670" -0.12345868835166 0.145330713303366 -0.130232103585672 0.00122092778657975
"671" 0.657239702378155 -0.201022117379396 -0.026482587661444 -0.03652736735887
"672" 0.701021477555381 -0.206469491566446 0.00712498913491981 -0.105098860251313
"673" 0.614898354542718 -0.232820395889927 -0.181400996823172 0.135108616947074
"674" -0.549152208679613 -0.209935936013162 0.168437857472991 0.124181512629714
"675" 0.511450117728845 -0.081118590913525 0.0943107237363945 -0.121352760244076
"676" -0.598165029088735 -0.189250775541084 0.0497597554747813 0.000920867903405922
"677" 0.547106609176875 -0.157874071703877 -0.00505503226160488 -0.0452222719900078
"678" 0.197534188928589 0.270875493148891 0.230101691501365 -0.0535722880241352
"679" 0.243781258103033 -0.0678455502218985 -0.0183020193948147 0.027150973835568
"680" -0.541462520197231 -0.162157284745478 0.0251626379556295 -0.0154500232179215
"681" -0.357255363011809 0.093664115194193 -0.221991705937239 -0.116972528704716
"682" -0.109359513535784 0.0986076535128382 -0.104215035347643 0.0133573934576805
"683" -0.629294215304405 -0.181699176490935 -0.00694820032111464 -0.0816804414252558
"684" -0.00654800580449052 0.391822406982225 -0.0121618760132713 0.0915617169382634
"685" 0.207687678688381 0.191881817296439 0.209392573443045 -0.0663120066430189
"686" 0.291943120388214 0.0344144911377075 0.132096603620895 -0.0664281833304774
"687" -0.587033222643614 -0.208415125745877 0.128447451427356 0.0887060032635873
"688" -0.235520604609761 -0.048005927209555 -0.0147778091067395 0.00214163680581662
"689" 0.305960602246979 0.0311490209634237 0.135364191722395 -0.0736921843491785
"690" -0.487180728901179 -0.135953078606078 -0.000798577201793599 -0.0382525522840793
"691" -0.265316358518857 -0.0640916274436333 -0.000320332366713006 0.0119152847047307
"692" 0.603874034903283 -0.198249466982365 -0.0819710479354727 0.0443124178525
"693" -0.364643930544677 -0.0783581165883863 -0.0471023530221826 -0.0683683548258446
"694" -0.249122784870428 -0.0553679535389648 -0.0130189950071307 -4.08826387596484e-05
"695" -0.189514367899907 0.0650183245531191 -0.123712428049267 -0.0264984595006357
"696" -0.28628215338126 0.128169020524287 -0.233515727000201 -0.120901737261277
"697" 0.522772874166879 -0.162612252174876 -0.0488757251630432 0.0196532584893758
"698" 0.0308576072943988 0.469766445891727 0.0207764563678647 0.105405944703773
"699" 0.00819027807086409 0.244531962274147 0.0152762756867656 0.0801868562047907
"700" 0.208704404861475 -0.0470655418819243 0.00892632388193984 0.00996795513846935
"701" 0.0346582525501154 0.428368153292969 0.0365305747292102 0.116108960418284
"702" 0.544213470455731 -0.1602189565358 -0.0160592869856305 -0.0279121380319913
"703" -0.368456227177519 -0.106962260423956 0.0203289259614083 0.00618536792301832
"704" 0.379869987759933 -0.1020339613143 -0.00089106013321412 -0.0132862259231587
"705" -0.17864770687835 -0.0483948040504327 0.0181973843624137 0.0388849215134499
"706" -0.243950178215862 -0.0681374907828555 0.0237460962129584 0.0358018955311727
"707" -0.617947260146659 -0.230344406988091 0.162976762741191 0.111854035934903
"708" -0.0465786175640265 0.0379698189573481 -0.0315927890317436 0.0435414087043977
"709" 0.378335999534839 0.0430907469638286 0.175421662409102 -0.101982754268712
"710" -0.0740914150878109 0.272978676710846 -0.114531741185384 0.0565541621677485
"711" 0.562455611826567 -0.192635990743469 -0.109294679405748 0.0812805199612742
"712" 0.223634749334185 0.344356407961652 0.277787282584267 -0.0744824850163492
"713" -0.744671305906676 -0.244837183171499 0.0771907597244115 0.0149801834983914
"714" -0.186284697452499 0.0275415884909498 -0.0812760040150309 -0.0150254857104618
"715" 0.0956923575821832 0.283643555141225 0.164574744022271 0.040111714915671
"716" -0.0332162838212643 0.276059766312777 -0.0510022678329218 0.0859210137530715
"717" -0.0459633681554622 0.10157714122073 -0.0505098928594738 0.0552054199501285
"718" 0.362909271059651 -0.0758873520368058 0.0497153929851235 -0.0689096299181178
"719" -0.711508737974757 -0.220510143725289 0.0275005494606241 -0.0520928399480114
"720" -0.534975214753768 -0.197887324053045 0.149574269813959 0.116108502643284
"721" -0.158835138000402 -0.0223821646124567 -0.0197096588244328 0.0130076931693845
"722" -0.476036074422155 -0.156294004948569 0.069142448121537 0.0418746370690709
"723" 0.073342078280524 0.525781419612855 0.0880205988194919 0.0821680498964994
"724" -0.215462638130967 0.266987727843636 -0.240747536112917 -0.074113625861258
"725" 0.748675603999126 -0.230396756754661 -0.0143485389704371 -0.0838651447170589
"726" 0.543953286786636 -0.171944675021261 -0.0574555657233565 0.0287972932187826
"727" 0.166127325478351 -0.0304543251785359 0.00454279297051455 0.0278385197035272
"728" -0.212839776544712 0.315259156762225 -0.255305313288837 -0.0729680159342867
"729" 0.423634676519941 -0.13176565680089 -0.0535193851119695 0.0422275793444124
"730" 0.310771557295387 0.0810977143024677 0.190669578749914 -0.0974031927709821
"731" 0.56698148870693 -0.14184297250753 0.0537153372342343 -0.13926538009435
"732" 0.13755032198773 0.268788387732887 0.181499667114944 0.00512503449566139
"733" 0.442422089286456 -0.141415735262526 -0.0655329035188379 0.0487929927775285
"734" -0.134633719007553 0.326600161136983 -0.197963059181897 0.0172310620152995
"735" 0.737121900407793 -0.230968823494341 -0.0327998633112012 -0.0523748962310317
"736" -0.513839617349439 -0.187650033288239 0.138179539661151 0.109082273636359
"737" 0.308452555213732 -0.0898763898945971 -0.0244673795117499 0.0225894029671584
"738" -0.336671373390392 -0.0817075456265288 -0.0234802908280438 -0.038573356076058
"739" -0.446868268425331 -0.142623846637799 0.065900634241391 0.0486204496701785
"740" -0.707809181491773 -0.213512059478756 0.00542396838805615 -0.0869166939464633
"741" 0.24267421921973 -0.0193096075896562 0.0557208351545479 -0.0236386258237168
"742" -0.431039656826749 -0.0360249231700407 -0.108776006955822 -0.0956418784315039
"743" -0.449948016387374 -0.130865766445595 0.0141376445620359 -0.0168010978656964
"744" 0.0735847830748255 0.0255311126263949 0.0336747128873399 0.0320718676835387
"745" 0.260328300978764 0.0242297932431337 0.111908535572659 -0.0524536564032497
"746" -0.0300343372568295 0.155245613727292 -0.0429208402449478 0.0757766092524964
"747" 0.238466812079539 -0.00392954260384653 0.0736680904437608 -0.0292332327467691
"748" -0.0310440453251075 0.296495959815234 -0.0332255262524958 0.0871089057626175
"749" 0.386963372854602 -0.127395238629345 -0.0643470946264032 0.049211789576271
"750" -0.00130445366077355 0.541989855041122 -0.00229389791640816 0.116343515495045
"751" 0.301725168367471 0.106418366175258 0.218805329148599 -0.118216621863468
"752" -0.235378347629644 0.0547201656370803 -0.13469972070946 -0.0552359625601668
"753" 0.496173279673905 -0.185875258208542 -0.143784662949633 0.108389002388767
"754" -0.552990403307318 -0.145855301123557 -0.0350381190990154 -0.109258616581372
"755" -0.307471597679172 0.104909334073982 -0.21907440519732 -0.118049147234646
"756" 0.395387326818598 0.0466669567070875 0.181812985947842 -0.10300542312721
"757" 0.636870169828726 -0.24289108561825 -0.198297501495664 0.153484305278873
"758" -0.524304628892386 -0.152211479431868 0.00985533741689139 -0.0344603273303265
"759" 0.287601195277222 -0.0981623595127732 -0.0626352723412352 0.0599514144892958
"760" 0.350471872415138 0.0721235616992808 0.193728045947359 -0.102490230825478
"761" 0.204812567016268 0.128927274181095 0.18648876846908 -0.0542997245200316
"762" 0.0385479842464562 0.275756123684941 0.0571493305772438 0.0742772001014701
"763" 0.0591369874101522 0.442932033577025 0.05738620392289 0.0780891967418869
"764" 0.49824438032808 -0.150303331493174 -0.0268813855869153 -0.0102529849712822
"765" -0.0746355794362849 0.0025634307075434 -0.00652100388204585 0.0483178768338019
"766" 0.36182556969967 -0.118588942329857 -0.0652211398854909 0.05396211661697
"767" -0.4432196206646 -0.153377828264721 0.0893794016914952 0.0646895479015177
"768" 0.55486700624626 -0.152852633964221 0.0168509909622785 -0.079229969640133
"769" 0.549019101767654 -0.144318740153577 0.0354081365792409 -0.107411891879242
"770" 0.191261347424865 -0.0288332719584692 0.0299144726785501 -0.00410119816076324
"771" 0.0809858802763849 0.187642159579045 0.112917090721543 0.0423534681535529
"772" 0.131518479468826 0.374994797931936 0.226775635148473 0.00684743886913198
"773" -0.526376440406204 -0.172795880826067 0.0701437223277047 0.0345965310046128
"774" 0.104429367195617 0.135224561382437 0.110846053990071 0.021320269592278
"775" -0.131115781620124 0.116267421691285 -0.124418539919251 0.00296582096571038
"776" 0.212934885335439 0.0527707237575545 0.120094426550259 -0.0403758259612187
"777" 0.0656213665577446 0.25475497893939 0.101139625961811 0.0647609929825249
"778" 0.464189958757474 -0.0862151811308454 0.078126285638021 -0.110208666309789
"779" 0.0890475297441936 0.122504563739449 0.094269364902021 0.0262646799232028
"780" -0.772527824696295 -0.246991179186612 0.0462027001640114 -0.037995624999363
"781" -0.312694453918405 -0.0424619192069065 -0.062125296052591 -0.051752964001617
"782" 0.463551104124422 -0.180908718289919 -0.152534170893549 0.115586372747417
"783" 0.509969412829848 -0.127922155405617 0.0436207451303495 -0.10960790465725
"784" 0.300502379123351 0.052344841538738 0.153908658315201 -0.07479240160327
"785" 0.0670890323322604 0.297596152761849 0.107616440195024 0.0658863730404265
"786" 0.195124730387815 0.0556755536135595 0.11336174124365 -0.0285419485160731
"787" 0.241897130066531 0.200444163253779 0.235349544215299 -0.0957516243439882
"788" 0.147358549537281 0.035470466082715 0.0745437685935627 0.00430617750846831
"789" 0.521859331409971 -0.209682364005336 -0.186230997358931 0.135001994324098
"790" 0.0991820097188783 0.486044212705487 0.128147295306514 0.0737093561807656
"791" 0.115248275642004 0.303949462327521 0.182009135222353 0.0246428568596985
"792" 0.426410575811379 -0.109703428612824 0.0151495918615772 -0.0398085948216757
"793" -0.144689567300649 0.135498646608098 -0.136889200544481 -0.0138787459972186
"794" -0.511410796863486 -0.134768719354364 -0.0265578350314284 -0.0829405893895885
"795" 0.0383635718740164 0.188340645233337 0.0554081301191976 0.0648512765013709
"796" 0.693313525322307 -0.230240662667144 -0.083738917411426 0.0246253787217972
"797" 0.232330605337172 0.278744858390524 0.256679709938126 -0.0819746245698783
"798" 0.0795100814309908 0.305122383217004 0.120321345215789 0.0510458769776405
"799" 0.168570473356169 0.0602145337617632 0.112236959750886 -0.025264904119348
"800" -0.061924513847117 0.399124919657706 -0.0703138089066302 0.0848786220388331
"801" -0.301918424065704 0.0609109891231958 -0.166268176858735 -0.08267341662599
"802" -0.272959985706165 0.0113406859886354 -0.10353392895874 -0.0538846653005377
"803" 0.0978989334405758 0.0212548605955029 0.040281356656256 0.0290295035778175
"804" 0.16797734105896 0.0307095323748676 0.0732503116345781 -0.00253129761135835
"805" -0.232039039958812 0.139790054319408 -0.210212468472258 -0.0841452547129695
"806" 0.425615876585588 -0.0650683998657842 0.0749289607076787 -0.0849218857531946
"807" -0.49902295404716 -0.144301673218573 0.0115996684008891 -0.0243853063062292
"808" -0.243748826747144 0.18083473121372 -0.216990167839054 -0.0870094599560143
"809" -0.207872085676497 -0.0478422609417175 -0.00616210869623884 0.0127388717799633
"810" -0.142033972863615 -0.0301659130348184 0.0004569297675881 0.0338997662667626
"811" 0.114768206953068 0.158501502073031 0.127309181634122 0.0231969316608335
"812" -0.285356707048522 0.0652092934945063 -0.165510266196549 -0.0820990588764721
"813" 0.467497557045116 -0.12191316033511 0.0258614911825915 -0.0706102278499562
"814" -0.203552180940268 -0.0555374505576788 0.0265510749026042 0.0423220303829283
"815" 0.324589585746545 -0.0875336908570233 -0.0178452246596382 0.0218506407832551
"816" 0.472298271454621 -0.129238242543873 0.0116408796890533 -0.0556403674236604
"817" 0.222434128228081 0.1193999024111 0.193176825382457 -0.0756189087583484
"818" 0.659666807007115 -0.223901915013335 -0.104634420905111 0.058004147385746
"819" -0.619310321869395 -0.234452501949754 0.180837440808796 0.13273462838544
"820" -0.444759490916507 -0.108547766354038 -0.0388123765132807 -0.0831636213638377
"821" -0.216534975040101 0.0509913382487359 -0.119683405802229 -0.0416237112092953
"822" -0.188705929375371 0.241859636925763 -0.209446490247342 -0.0454451131834478
"823" 0.138828558134015 0.00251037297931113 0.0354458714324686 0.0164313140781327
"824" -0.659662211007466 -0.202643433190419 0.0285280800437674 -0.0354813746762734
"825" -0.380392916383071 -0.05023244820354 -0.0789301541487778 -0.0780722387585643
"826" 0.188521953919056 0.292725643107275 0.226143714644472 -0.0424303352962021
"827" -0.35778385208228 -0.0940674851704186 0.00100517260696807 -0.00917385497023948
"828" 0.446234324421405 -0.153468425334881 -0.086811789892298 0.0619640769837818
"829" -0.457754949493588 -0.162251175660096 0.107361717078131 0.0817534541518109
"830" -0.480707897405898 -0.037514154641406 -0.126541360002245 -0.113624914421884
"831" -0.0471245931654215 0.155439179260807 -0.0676603380854625 0.0612500010909037
"832" 0.658121393606356 -0.199194049153893 -0.0165399375309474 -0.0538274936654759
"833" 0.346089275014224 -0.0853912732124811 0.0120516153547319 -0.0211451455812146
"834" -0.133906653774203 0.339350485880742 -0.214965849942194 0.00438795301730561
"835" -0.0493943554647109 0.203350892159286 -0.0699474968993837 0.0646284925118107
"836" 0.35005727882295 0.0218099654861068 0.139718824422081 -0.081026266603178
"837" 0.165776763451866 0.0043791478633455 0.0510981865552457 0.00207091491454064
"838" 0.266188581312286 0.0619185408268358 0.14825729111221 -0.0597417635882098
"839" 0.06591007947804 0.414519968640047 0.0803862667401716 0.0943514275617268
"840" -0.125325448998942 0.1817655574188 -0.14210834241069 0.00845230578037848
"841" 0.541652381838889 -0.183696949017913 -0.0987753716180709 0.0708029959413708
"842" 0.146551165328595 0.160913312573284 0.150176670090911 -0.00875066660824333
"843" -0.317417338804878 -0.00698490266215414 -0.0956975011823016 -0.0594854918234062
"844" 0.115460813804085 0.371226203020426 0.175278004834842 0.0238427419439081
"845" 0.491615320386739 -0.131801150282525 0.0162810637200609 -0.0595881141487604
"846" 0.33327608855403 0.0920399391289842 0.211245660613123 -0.11204627908618
"847" -0.0314029066696419 0.218389512823571 -0.0464479602355628 0.0833577633741959
"848" 0.351174207933611 -0.0999064430450319 -0.0218245317547975 0.0156260571332365
"849" 0.101908828700511 0.336988993722082 0.16608617495068 0.0410705862264552
"850" 0.40850894540261 -0.112939896452208 -0.00853340060330092 -0.0088522073702542
"851" -0.643425928347438 -0.228541386015724 0.144919920831629 0.103153758216065
"852" -0.0591575510867808 0.220079922779305 -0.0863905487964405 0.071285126020439
"853" 0.0605263707743105 0.0307953822085211 0.0280498276573785 0.0418989614054128
"854" -0.0917116819275813 0.378650086202784 -0.12517807801084 0.0554205787164484
"855" 0.0688050868328848 0.342489883811951 0.101968132935359 0.0683620583396185
"856" 0.147466197672908 0.35631076367 0.232443951334594 -0.0128893845834674
"857" 0.0361643411978623 0.525171627637341 0.0312553089327629 0.117532504700997
"858" 0.706702591430132 -0.220084338836897 -0.0305457905853655 -0.0440921387421408
"859" 0.160067024603221 0.275266785027063 0.199976091962347 -0.0168814452277752
"860" 0.00623332528193152 0.397362839711742 0.0109115268558429 0.0932485889407097
"861" -0.185206800850534 0.227260441022515 -0.195907141278553 -0.0412724192692663
"862" -0.690657617800333 -0.222370233774904 0.062685253666854 0.00693774768393003
"863" -0.0728330155693661 0.474244641140279 -0.0954795390381158 0.0785370266085782
"864" -0.465826644356713 -0.089554941368839 -0.0762062454425625 -0.110928580326706
"865" 0.110077655319385 0.460689376968663 0.163614651488084 0.0287396429199871
"866" -0.0771068033207983 0.0358292564176332 -0.0436187916771041 0.0370997678928354
"867" -0.798816894558101 -0.25033402961085 0.023256318474881 -0.084243859606787
"868" 0.0510224094610826 0.480511429756946 0.0576897712867738 0.0904302015426765
"869" -0.125737274207677 0.404590843938516 -0.207525790926719 0.0292902028759395
"870" 0.32849730599395 -0.0990159364781139 -0.0378691803100283 0.0316498848393485
"871" -0.430851578694171 -0.00138754673058171 -0.141580500292303 -0.0990209501899366
"872" 0.548955874085217 -0.213674435956653 -0.174101659513389 0.124841788618303
"873" 0.0819272940180225 0.335019467516137 0.124165574416235 0.0583970614921041
"874" 0.228506958370659 -0.0742220158054719 -0.0586047111565638 0.0694590901495646
"875" -0.12351971239551 0.0420410469624016 -0.0723403464655055 0.00617746515843281
"876" -0.626651675231591 -0.186253458812478 0.00925190738327468 -0.0571584690765389
"877" -0.759035093462383 -0.232119820371775 0.00968362073103606 -0.0954318999792953
"878" -0.544373235781614 -0.184612039541348 0.0950825874379032 0.0624262122814385
"879" 0.597274688014417 -0.225437481688763 -0.173634048361647 0.128838595489676
"880" 0.0766889566035825 0.274228267254486 0.118334669616362 0.0566555240246946
"881" 0.346893202191457 0.101095067266613 0.227420800142548 -0.123119110230946
"882" -0.477410503633889 -0.149999412593673 0.0478417799132701 0.0191869240192237
"883" -0.520090958238363 -0.141570532734561 -0.018600133636181 -0.073937534269308
"884" 0.113653524970601 0.222349946960972 0.15626881050021 0.0119649980023409
"885" -0.0439266203480152 0.255004111522708 -0.065743121135114 0.0738771043271768
"886" -0.530930310754216 -0.0933949665193929 -0.0852692126793357 -0.11826389607231
"887" -0.0810029018467318 0.193776880631441 -0.116527517863256 0.0424359613143838
"888" 0.0211085161794969 0.227987172247365 0.0212818654917039 0.0719250052654433
"889" -0.238171424642235 0.162290717504949 -0.221433749810166 -0.0832645932652777
"890" -0.0450333361832617 0.121037069174918 -0.0652788340775513 0.0552529306517013
"891" 0.592582628522671 -0.159342569471344 0.034835769758096 -0.119324767439283
"892" 0.641188246653722 -0.21156722364212 -0.078421161573223 0.0273985481225305
"893" 0.0478018871866925 0.104288876417721 0.0539666380207809 0.0557579560962015
"894" -0.361456516435627 0.0378427162311164 -0.159964682588065 -0.0868719114401846
"895" 0.0322385070996284 0.354469660034059 0.0296796490194339 0.102315411892867
"896" -0.0985898673678846 0.126597523421544 -0.102795005790649 0.0211815684719602
"897" -0.465790727273659 -0.138251268984488 0.0293382384267406 0.0068934477387333
"898" -0.307871211872126 0.129861941893324 -0.244186903930218 -0.129699443927495
"899" 0.0258543844607711 0.262351688353352 0.028903007938597 0.0806369981743075
"900" 0.208851822681281 0.297597156608198 0.243583516711023 -0.0628811237719464
"901" -0.383641190527135 -0.0604425629865931 -0.0702409270638459 -0.0776785564249059
"902" -0.482484298568461 -0.124352587722325 -0.0292384493648201 -0.0764819508787744
"903" -0.368012061554908 0.0807232067324608 -0.210973289898043 -0.111675526481589
"904" -0.525606819128839 -0.153587265603259 0.0183258833907475 -0.0166821702206887
"905" -0.69379286461005 -0.200129585331807 -0.0173985246637013 -0.121248627786987
"906" -0.0718524515446007 0.0653881910666212 -0.0619254472128646 0.0402033983674582
"907" 0.351430639487396 -0.120717563503833 -0.0826810651424265 0.0730350536994386
"908" -0.0739016376299588 0.160105097797106 -0.0951724606444001 0.0433706739443375
"909" -0.0079133281499051 0.0676961946921079 -0.0148065497744817 0.0603367447009323
"910" -0.0914893729640624 0.316971826015025 -0.141866940376747 0.0569510950955257
"911" 0.175795976744402 0.136587812067905 0.165625967747305 -0.03571089629727
"912" 0.371063416011026 -0.10950732614731 -0.030224133757442 0.0194009424549222
"913" -0.105458411539543 0.469318247870975 -0.156949140123047 0.0418392104208061
"914" 0.192687612291298 0.178476279177286 0.189781606349919 -0.0496043121651262
"915" 0.61453120157723 -0.214364314266185 -0.130847842896739 0.0992890820801677
"916" 0.0338558621481828 0.49800459169587 0.0215109316775309 0.120690018612828
"917" -0.00624576555483554 0.524540031180569 -0.00924810772850536 0.106710806769107
"918" -0.156405980166044 0.0357740543213347 -0.0751943003646232 -0.000867804652736866
"919" 0.76219025377741 -0.244527590399219 -0.054932804593694 -0.0199177854628018
"920" 0.237953552319107 0.272349579458841 0.261226325565254 -0.102867628559091
"921" 0.0118308487368373 0.441058215304616 0.0128420093687313 0.0898630832905265
"922" -0.535369050804048 -0.167615060792924 0.0507504489686332 0.0174750145744558
"923" -0.654744644667201 -0.189950932546317 -0.00992049081048968 -0.0977506963881156
"924" 0.70366002509335 -0.211608677549538 -0.00413196307878586 -0.0877769033615081
"925" 0.18841498739234 0.0288952354273237 0.0859053255773707 -0.0208523705503934
"926" 0.0934706753665602 0.31533855803008 0.151412558437813 0.0586009674934438
"927" -0.515517069203233 -0.181185371705828 0.109678674799796 0.0765597189471055
"928" 0.701070229073011 -0.21625471182016 -0.025307579577167 -0.0520537549522497
"929" -0.437129581091171 -0.124995454973817 0.0180561335416598 -0.000416942068100855
"930" 0.502548413746893 -0.198523867161115 -0.169986499128974 0.125181691753787
"931" -0.117225449020583 0.390478687396288 -0.180635396848468 0.0263517844101579
"932" 0.290720125016594 0.00369814042544301 0.100181599739459 -0.0523631019982882
"933" 0.631774161322438 -0.187191292848355 -0.00633879294153673 -0.065889850963022
"934" 0.22988489267954 -0.0724942591712613 -0.0404454648736397 0.0495396345206094
"935" 0.116167968534989 0.394894987398827 0.178556438274373 0.0277451254026707
"936" 0.125844618742217 0.0755630130751589 0.105146499535217 -0.00141266963188653
"937" 0.791259464485956 -0.246307946739217 -0.0184015506389926 -0.0883791790032776
"938" -0.119772059879663 0.346189142823676 -0.194907093671641 0.0299587402845003
"939" -0.0602410897994538 0.357757470311401 -0.0682288383677107 0.0799910844093968
"940" 0.190788035622109 0.206101547928695 0.198975221609105 -0.0410078825629433
"941" 0.421052578612055 -0.103795979920286 0.0366148739978499 -0.0757379756503973
"942" 0.60792640571861 -0.185726959213958 -0.0275948999336885 -0.0299166310292456
"943" 0.334081862056793 -0.0212280112421644 0.0874788925518395 -0.0564344270109955
"944" -0.168020137077748 -0.00156486863468285 -0.0422058715746553 0.00676530083292107
"945" 0.203707815718293 0.207933930738412 0.210995494102912 -0.0549355522324928
"946" 0.599140457995552 -0.17516989376502 -0.00466560266188855 -0.0543016027027491
"947" 0.292972986508313 -0.0278151030345138 0.0676508404708433 -0.0477520466914635
"948" 0.576770343916193 -0.15726370526365 0.0260456983891729 -0.0987238991566642
"949" 0.127914556991605 -0.0272207344901557 -0.0206376788940211 0.0569891964120056
"950" 0.0757994372955649 0.47784075617524 0.100712458960165 0.0725682184953987
"951" 0.34492306056459 -0.0103461222490388 0.105900400494166 -0.0736103638361664
"952" 0.386411608960388 -0.0213765494722146 0.106186282962324 -0.0819414270020208
"953" 0.434226701151345 -0.0391603373823945 0.107878243259097 -0.0996626345156948
"954" -0.458586577595163 -0.113382983396419 -0.0396911383774723 -0.0905430094881078
"955" -0.236020874005854 -0.0442468220564545 -0.0284702175988413 -0.0159874352184573
"956" 0.390969679244106 0.0630906252376871 0.199698768834882 -0.110394385585265
"957" 0.718371801298682 -0.247869357072186 -0.123243051714688 0.0700620429311844
"958" -0.60980393015094 -0.253654814493284 0.246519045356489 0.180655012538271
"959" 0.291960710128203 0.19211283313325 0.267127404841372 -0.119842597686691
"960" 0.639542714109775 -0.184421491327784 0.00966982157459416 -0.086990845581033
"961" -0.578259434215564 -0.216346916778024 0.171915234695592 0.136947205189976
"962" 0.612788908459353 -0.254872131001572 -0.248364108932727 0.182546541322475
"963" -0.234144087578187 -0.0739055209205115 0.0401401334972595 0.0484409813990662
"964" 0.274087912564792 -0.085775640295749 -0.0499468932320785 0.0564768571885383
"965" -0.449755393391886 -0.12103881938888 -0.0103163829555636 -0.043377815615096
"966" -0.441902839519967 -0.17363824178359 0.155874475725091 0.123889404678857
"967" -0.224121242839916 0.115984552848865 -0.191561407876762 -0.0768396349892892
"968" 0.521643607909704 -0.151894318402966 -0.0160980530084835 -0.0176121049386267
"969" -0.520306428776625 -0.131039593651336 -0.0440655332777628 -0.113994645853423
"970" -0.244364406222538 0.197569080511168 -0.234372833772037 -0.0971951161158814
"971" 0.45905194583773 -0.108068393216007 0.0512134817402506 -0.103044019422848
"972" -0.124238895343465 0.294091811635152 -0.183660660193757 0.0218763675143508
"973" -0.650304757209736 -0.194704961090096 0.011589559192485 -0.0601854217989739
"974" 0.360449971588669 -0.0923459025896332 0.0025783716737622 -0.0108905915429821
"975" -0.345890760274087 -0.127076729661361 0.0996545653861968 0.0826197756722147
"976" -0.419287640575359 -0.163768415779292 0.150633567381319 0.12622604075667
"977" 0.510148280538997 -0.167265869603732 -0.0700041064155207 0.0377054647024091
"978" 0.23369233371555 -0.0404155388455361 0.033857163531465 -0.0179035146352548
"979" -0.485374656528481 -0.0808026316789698 -0.0835624836610965 -0.111910355993571
"980" -0.70680884771776 -0.240318534035109 0.111320416394314 0.0641611420364313
"981" 0.179018883300745 -0.0532929835968431 -0.0299628007727287 0.0484340900655494
"982" 0.383600634902125 -0.11415505564197 -0.0397605109733896 0.034171507323987
"983" -0.355882304196665 -0.0816612434401807 -0.0366999646884431 -0.0546985842534733
"984" -0.19235367609755 0.148831900419981 -0.180962020315571 -0.0478843884818942
"985" -0.502415574998161 -0.151890878165436 0.0272921976286927 -0.0107664354678875
"986" -0.352761805552069 0.0199010688963707 -0.138035922623998 -0.0806934021084847
"987" -0.116788395814302 0.269121583187622 -0.171857872890437 0.0203364992888176
"988" 0.506468681644187 -0.19029651554441 -0.148258874462012 0.111536303767359
"989" -0.176436942991264 -0.0500520276348511 0.0355239664725807 0.05722172664303
"990" -0.278814589797843 -0.0817310088840927 0.0345882955584162 0.0418151817310576
"991" 0.212456668917868 0.021253586020547 0.0871716536953049 -0.0237342095105154
"992" 0.629188390492523 -0.207792783045872 -0.0810296404260843 0.0357426037184786
"993" -0.47862681871682 -0.171896748859343 0.117536671969567 0.0902496144706825
"994" 0.182856528292962 0.124556493001344 0.169803060857963 -0.0473875108027031
"995" -0.0117662390575419 0.468193832713486 -0.0125671558178669 0.100452611886479
"996" -0.0678038252632836 0.426988468418532 -0.0912199415637955 0.0944371899858721
"997" 0.622300255750918 -0.175486766706959 0.0186470486900002 -0.10120995948964
"998" -0.580363530137053 -0.158865462914188 -0.0258012281228726 -0.100999897967311
"999" -0.166045730446804 0.248359353350427 -0.200496940249892 -0.0308502191624407
"1000" -0.271334351096313 -0.0638406442960671 -0.0159913196785312 -0.0132478002115691
