"V1" "V2" "V3" "V4"
"97" -0.311585780608213 -0.0809357652546013 0.0109938866904886 0.0151517747946994
"212" 0.645716973439153 -0.227364937635256 -0.140889134415939 0.10509760663449
"51" -0.181554135606383 0.226047370081316 -0.193765809090842 -0.0427382495858597
"259" 0.338212349996001 0.0206807012213836 0.131735651338137 -0.0728364908646629
"103" -0.598788378555961 -0.207202512354111 0.122089110743568 0.0913881134781424
"282" 0.644054057664205 -0.186915272052774 0.00804085216396926 -0.0873859181919664
"153" -2.02078022578717e-17 0.0221936926852738 -1.71899250049817e-16 0.0581921363756205
"186" 0.335631282881654 -0.106199881297071 -0.0620906576606772 0.0627253702642163
"236" 0.181554135606383 0.226047370081315 0.193765809090842 -0.042738249585859
"148" 3.13080511714907e-16 0.408569176360255 5.54133004803068e-17 0.0944044494053921
"20" -0.410180145445764 0.00312765197003642 -0.138118328040453 -0.0888023305758257
"26" -0.644054057664205 -0.186915272052773 -0.00804085216396887 -0.0873859181919662
