6.021426000000000e+05     6.742532600000000e+06     2.078000000000000e+03     2.314615384615385e+00
6.022026000000000e+05     6.743492600000000e+06     2.258000000000000e+03     2.328333333333334e+00
6.018426000000000e+05     6.744572600000000e+06     2.459000000000000e+03     6.129914529914530e-01
6.020226000000000e+05     6.742172600000000e+06     1.994000000000000e+03     3.534565217391304e+00
6.022326000000000e+05     6.742832600000000e+06     2.132000000000000e+03     1.530256410256410e+00
6.022026000000000e+05     6.743222600000000e+06     2.204000000000000e+03     1.264615384615385e+00
6.020226000000000e+05     6.744242600000000e+06     2.388000000000000e+03     1.815319148936170e+00
6.017826000000000e+05     6.744842600000000e+06     2.500000000000000e+03     3.835042735042735e-01
6.004026000000000e+05     6.744482600000000e+06     2.803000000000000e+03     3.875471698113208e-01
6.019326000000000e+05     6.743732600000000e+06     2.290000000000000e+03     1.071196581196581e+00
6.023526000000000e+05     6.743762600000000e+06     2.292000000000000e+03     8.011965811965811e-01
6.015726000000000e+05     6.744392600000000e+06     2.439000000000000e+03     6.286324786324787e-01
6.022326000000000e+05     6.744752600000000e+06     2.442000000000000e+03     5.732478632478631e-01
6.013026000000000e+05     6.744872600000000e+06     2.545000000000000e+03     4.522608695652174e-01
6.013326000000000e+05     6.745562600000000e+06     2.573000000000000e+03     4.662608695652175e-01
6.021426000000000e+05     6.743792600000000e+06     2.298000000000000e+03     7.510169491525424e-01
6.013326000000000e+05     6.745142600000000e+06     2.559000000000000e+03     4.279130434782609e-01