6.021426000000000e+05     6.742532600000000e+06     2.078000000000000e+03     2.044605263157895e+00
6.022026000000000e+05     6.743492600000000e+06     2.258000000000000e+03     1.886184210526316e+00
6.007026000000000e+05     6.744962600000000e+06     2.687000000000000e+03     1.044794520547945e+00
6.022326000000000e+05     6.742832600000000e+06     2.132000000000000e+03     2.424078947368421e+00
6.022026000000000e+05     6.743222600000000e+06     2.204000000000000e+03     2.260526315789474e+00
6.017826000000000e+05     6.744842600000000e+06     2.500000000000000e+03     1.214473684210526e+00
6.019326000000000e+05     6.743732600000000e+06     2.290000000000000e+03     1.895454545454545e+00
6.023526000000000e+05     6.743762600000000e+06     2.292000000000000e+03     1.729870129870130e+00
6.015726000000000e+05     6.744392600000000e+06     2.439000000000000e+03     1.695733333333333e+00
6.022326000000000e+05     6.744752600000000e+06     2.442000000000000e+03     1.195714285714286e+00
6.013026000000000e+05     6.744872600000000e+06     2.545000000000000e+03     1.094459459459459e+00
6.013326000000000e+05     6.745562600000000e+06     2.573000000000000e+03     1.196575342465753e+00
6.021426000000000e+05     6.743792600000000e+06     2.298000000000000e+03     2.071168831168831e+00
6.013326000000000e+05     6.745142600000000e+06     2.559000000000000e+03     1.092162162162162e+00