"V1" "V2" "V3" "V4"
"804" 6.64163616733798e-05 7.15643125697919e-05 -1.1386978446184e-05 -7.46288574247167e-06
"706" 0.000133599292484578 2.04872452475433e-05 1.17430610043181e-05 -4.04330351210384e-05
"1187" -0.000324542900997927 -3.76921602614096e-05 -0.000105549652380041 -1.26363940386839e-05
"292" -7.31354789331649e-05 0.000104050224042591 8.13022425756081e-06 7.6451997432551e-05
"1276" 0.000232445307235204 -5.99276590957644e-05 -1.16681103016922e-05 2.64782482811215e-06
"1193" 8.32275942302583e-05 0.000131134578112113 -9.26760730057459e-06 -2.63955731351547e-05
"754" -0.000294805343225483 -3.11271775649212e-05 -8.97159015988941e-05 -7.38762835583497e-06
"928" -0.000172612698140467 -3.41006899246003e-05 2.47444078052321e-05 5.31779536765114e-06
"960" -0.000287552931259378 -4.50941502979565e-05 6.04677584273098e-06 -2.07008181770577e-05
"44" -0.000233278631711901 -9.77919466422823e-05 0.000141205253203274 -3.08586873627686e-05
"358" 0.000112223603982083 8.39702141492624e-05 -1.64754875147644e-06 -3.70968098592727e-05
"608" -8.25062920941795e-05 -4.38616004947183e-05 4.5373225077802e-05 -2.44214673128359e-06
"904" -0.000110087968429206 -7.63062118451541e-05 9.95388220501541e-05 -2.49141492913622e-05
"1609" -0.000338799104259895 -3.52945604738743e-05 -0.000135967578513357 -6.70919889800156e-06
