"Var1" "Var2" "Var3"
"1" 0 0.1 0
"2" 0.05 0.1 0
"3" 0.1 0.1 0
"4" 0.15 0.1 0
"5" 0.2 0.1 0
"6" 0.8 0.1 0
"7" 0.85 0.1 0
"8" 0.9 0.1 0
"9" 0.95 0.1 0
"10" 1 0.1 0
"11" 0 0.2 0
"12" 0.05 0.2 0
"13" 0.1 0.2 0
"14" 0.15 0.2 0
"15" 0.2 0.2 0
"16" 0.25 0.2 0
"17" 0.3 0.2 0
"18" 0.35 0.2 0
"19" 0.65 0.2 0
"20" 0.7 0.2 0
"21" 0.75 0.2 0
"22" 0.8 0.2 0
"23" 0.85 0.2 0
"24" 0.9 0.2 0
"25" 0.95 0.2 0
"26" 1 0.2 0
"27" 0 0.3 0
"28" 0.05 0.3 0
"29" 0.1 0.3 0
"30" 0.15 0.3 0
"31" 0.2 0.3 0
"32" 0.25 0.3 0
"33" 0.3 0.3 0
"34" 0.35 0.3 0
"35" 0.4 0.3 0
"36" 0.6 0.3 0
"37" 0.65 0.3 0
"38" 0.7 0.3 0
"39" 0.75 0.3 0
"40" 0.8 0.3 0
"41" 0.85 0.3 0
"42" 0.9 0.3 0
"43" 0.95 0.3 0
"44" 1 0.3 0
"45" 0 0.4 0
"46" 0.05 0.4 0
"47" 0.1 0.4 0
"48" 0.15 0.4 0
"49" 0.2 0.4 0
"50" 0.25 0.4 0
"51" 0.3 0.4 0
"52" 0.35 0.4 0
"53" 0.4 0.4 0
"54" 0.6 0.4 0
"55" 0.65 0.4 0
"56" 0.7 0.4 0
"57" 0.75 0.4 0
"58" 0.8 0.4 0
"59" 0.85 0.4 0
"60" 0.9 0.4 0
"61" 0.95 0.4 0
"62" 1 0.4 0
"63" 0.3 0.5 0
"64" 0.35 0.5 0
"65" 0.4 0.5 0
"66" 0.6 0.5 0
"67" 0.65 0.5 0
"68" 0.7 0.5 0
"69" 0 0.6 0
"70" 0.05 0.6 0
"71" 0.1 0.6 0
"72" 0.15 0.6 0
"73" 0.2 0.6 0
"74" 0.25 0.6 0
"75" 0.3 0.6 0
"76" 0.35 0.6 0
"77" 0.4 0.6 0
"78" 0.6 0.6 0
"79" 0.65 0.6 0
"80" 0.7 0.6 0
"81" 0.75 0.6 0
"82" 0.8 0.6 0
"83" 0.85 0.6 0
"84" 0.9 0.6 0
"85" 0.95 0.6 0
"86" 1 0.6 0
"87" 0 0.7 0
"88" 0.05 0.7 0
"89" 0.1 0.7 0
"90" 0.15 0.7 0
"91" 0.2 0.7 0
"92" 0.25 0.7 0
"93" 0.3 0.7 0
"94" 0.35 0.7 0
"95" 0.4 0.7 0
"96" 0.6 0.7 0
"97" 0.65 0.7 0
"98" 0.7 0.7 0
"99" 0.75 0.7 0
"100" 0.8 0.7 0
"101" 0.85 0.7 0
"102" 0.9 0.7 0
"103" 0.95 0.7 0
"104" 1 0.7 0
"105" 0 0.8 0
"106" 0.05 0.8 0
"107" 0.1 0.8 0
"108" 0.15 0.8 0
"109" 0.2 0.8 0
"110" 0.25 0.8 0
"111" 0.3 0.8 0
"112" 0.35 0.8 0
"113" 0.65 0.8 0
"114" 0.7 0.8 0
"115" 0.75 0.8 0
"116" 0.8 0.8 0
"117" 0.85 0.8 0
"118" 0.9 0.8 0
"119" 0.95 0.8 0
"120" 1 0.8 0
"121" 0 0.9 0
"122" 0.05 0.9 0
"123" 0.1 0.9 0
"124" 0.15 0.9 0
"125" 0.2 0.9 0
"126" 0.8 0.9 0
"127" 0.85 0.9 0
"128" 0.9 0.9 0
"129" 0.95 0.9 0
"130" 1 0.9 0
"131" 0.05 0.1 0.1
"132" 0.1 0.1 0.1
"133" 0.15 0.1 0.1
"134" 0.2 0.1 0.1
"135" 0.25 0.1 0.1
"136" 0.75 0.1 0.1
"137" 0.8 0.1 0.1
"138" 0.85 0.1 0.1
"139" 0.9 0.1 0.1
"140" 0.95 0.1 0.1
"141" 0.05 0.2 0.1
"142" 0.1 0.2 0.1
"143" 0.15 0.2 0.1
"144" 0.2 0.2 0.1
"145" 0.25 0.2 0.1
"146" 0.3 0.2 0.1
"147" 0.35 0.2 0.1
"148" 0.65 0.2 0.1
"149" 0.7 0.2 0.1
"150" 0.75 0.2 0.1
"151" 0.8 0.2 0.1
"152" 0.85 0.2 0.1
"153" 0.9 0.2 0.1
"154" 0.95 0.2 0.1
"155" 0.05 0.3 0.1
"156" 0.1 0.3 0.1
"157" 0.15 0.3 0.1
"158" 0.2 0.3 0.1
"159" 0.25 0.3 0.1
"160" 0.3 0.3 0.1
"161" 0.35 0.3 0.1
"162" 0.4 0.3 0.1
"163" 0.6 0.3 0.1
"164" 0.65 0.3 0.1
"165" 0.7 0.3 0.1
"166" 0.75 0.3 0.1
"167" 0.8 0.3 0.1
"168" 0.85 0.3 0.1
"169" 0.9 0.3 0.1
"170" 0.95 0.3 0.1
"171" 0.05 0.4 0.1
"172" 0.1 0.4 0.1
"173" 0.15 0.4 0.1
"174" 0.2 0.4 0.1
"175" 0.25 0.4 0.1
"176" 0.3 0.4 0.1
"177" 0.35 0.4 0.1
"178" 0.4 0.4 0.1
"179" 0.45 0.4 0.1
"180" 0.55 0.4 0.1
"181" 0.6 0.4 0.1
"182" 0.65 0.4 0.1
"183" 0.7 0.4 0.1
"184" 0.75 0.4 0.1
"185" 0.8 0.4 0.1
"186" 0.85 0.4 0.1
"187" 0.9 0.4 0.1
"188" 0.95 0.4 0.1
"189" 0.3 0.5 0.1
"190" 0.35 0.5 0.1
"191" 0.4 0.5 0.1
"192" 0.45 0.5 0.1
"193" 0.55 0.5 0.1
"194" 0.6 0.5 0.1
"195" 0.65 0.5 0.1
"196" 0.7 0.5 0.1
"197" 0.05 0.6 0.1
"198" 0.1 0.6 0.1
"199" 0.15 0.6 0.1
"200" 0.2 0.6 0.1
"201" 0.25 0.6 0.1
"202" 0.3 0.6 0.1
"203" 0.35 0.6 0.1
"204" 0.4 0.6 0.1
"205" 0.45 0.6 0.1
"206" 0.55 0.6 0.1
"207" 0.6 0.6 0.1
"208" 0.65 0.6 0.1
"209" 0.7 0.6 0.1
"210" 0.75 0.6 0.1
"211" 0.8 0.6 0.1
"212" 0.85 0.6 0.1
"213" 0.9 0.6 0.1
"214" 0.95 0.6 0.1
"215" 0.05 0.7 0.1
"216" 0.1 0.7 0.1
"217" 0.15 0.7 0.1
"218" 0.2 0.7 0.1
"219" 0.25 0.7 0.1
"220" 0.3 0.7 0.1
"221" 0.35 0.7 0.1
"222" 0.4 0.7 0.1
"223" 0.6 0.7 0.1
"224" 0.65 0.7 0.1
"225" 0.7 0.7 0.1
"226" 0.75 0.7 0.1
"227" 0.8 0.7 0.1
"228" 0.85 0.7 0.1
"229" 0.9 0.7 0.1
"230" 0.95 0.7 0.1
"231" 0.05 0.8 0.1
"232" 0.1 0.8 0.1
"233" 0.15 0.8 0.1
"234" 0.2 0.8 0.1
"235" 0.25 0.8 0.1
"236" 0.3 0.8 0.1
"237" 0.35 0.8 0.1
"238" 0.65 0.8 0.1
"239" 0.7 0.8 0.1
"240" 0.75 0.8 0.1
"241" 0.8 0.8 0.1
"242" 0.85 0.8 0.1
"243" 0.9 0.8 0.1
"244" 0.95 0.8 0.1
"245" 0.05 0.9 0.1
"246" 0.1 0.9 0.1
"247" 0.15 0.9 0.1
"248" 0.2 0.9 0.1
"249" 0.25 0.9 0.1
"250" 0.75 0.9 0.1
"251" 0.8 0.9 0.1
"252" 0.85 0.9 0.1
"253" 0.9 0.9 0.1
"254" 0.95 0.9 0.1
"255" 0.05 0.1 0.2
"256" 0.1 0.1 0.2
"257" 0.15 0.1 0.2
"258" 0.2 0.1 0.2
"259" 0.25 0.1 0.2
"260" 0.75 0.1 0.2
"261" 0.8 0.1 0.2
"262" 0.85 0.1 0.2
"263" 0.9 0.1 0.2
"264" 0.95 0.1 0.2
"265" 0.05 0.2 0.2
"266" 0.1 0.2 0.2
"267" 0.15 0.2 0.2
"268" 0.2 0.2 0.2
"269" 0.25 0.2 0.2
"270" 0.3 0.2 0.2
"271" 0.35 0.2 0.2
"272" 0.4 0.2 0.2
"273" 0.6 0.2 0.2
"274" 0.65 0.2 0.2
"275" 0.7 0.2 0.2
"276" 0.75 0.2 0.2
"277" 0.8 0.2 0.2
"278" 0.85 0.2 0.2
"279" 0.9 0.2 0.2
"280" 0.95 0.2 0.2
"281" 0.05 0.3 0.2
"282" 0.1 0.3 0.2
"283" 0.15 0.3 0.2
"284" 0.2 0.3 0.2
"285" 0.25 0.3 0.2
"286" 0.3 0.3 0.2
"287" 0.35 0.3 0.2
"288" 0.4 0.3 0.2
"289" 0.45 0.3 0.2
"290" 0.5 0.3 0.2
"291" 0.55 0.3 0.2
"292" 0.6 0.3 0.2
"293" 0.65 0.3 0.2
"294" 0.7 0.3 0.2
"295" 0.75 0.3 0.2
"296" 0.8 0.3 0.2
"297" 0.85 0.3 0.2
"298" 0.9 0.3 0.2
"299" 0.95 0.3 0.2
"300" 0.05 0.4 0.2
"301" 0.1 0.4 0.2
"302" 0.15 0.4 0.2
"303" 0.2 0.4 0.2
"304" 0.25 0.4 0.2
"305" 0.3 0.4 0.2
"306" 0.35 0.4 0.2
"307" 0.4 0.4 0.2
"308" 0.45 0.4 0.2
"309" 0.5 0.4 0.2
"310" 0.55 0.4 0.2
"311" 0.6 0.4 0.2
"312" 0.65 0.4 0.2
"313" 0.7 0.4 0.2
"314" 0.75 0.4 0.2
"315" 0.8 0.4 0.2
"316" 0.85 0.4 0.2
"317" 0.9 0.4 0.2
"318" 0.95 0.4 0.2
"319" 0.3 0.5 0.2
"320" 0.35 0.5 0.2
"321" 0.4 0.5 0.2
"322" 0.45 0.5 0.2
"323" 0.5 0.5 0.2
"324" 0.55 0.5 0.2
"325" 0.6 0.5 0.2
"326" 0.65 0.5 0.2
"327" 0.7 0.5 0.2
"328" 0.05 0.6 0.2
"329" 0.1 0.6 0.2
"330" 0.15 0.6 0.2
"331" 0.2 0.6 0.2
"332" 0.25 0.6 0.2
"333" 0.3 0.6 0.2
"334" 0.35 0.6 0.2
"335" 0.4 0.6 0.2
"336" 0.45 0.6 0.2
"337" 0.5 0.6 0.2
"338" 0.55 0.6 0.2
"339" 0.6 0.6 0.2
"340" 0.65 0.6 0.2
"341" 0.7 0.6 0.2
"342" 0.75 0.6 0.2
"343" 0.8 0.6 0.2
"344" 0.85 0.6 0.2
"345" 0.9 0.6 0.2
"346" 0.95 0.6 0.2
"347" 0.05 0.7 0.2
"348" 0.1 0.7 0.2
"349" 0.15 0.7 0.2
"350" 0.2 0.7 0.2
"351" 0.25 0.7 0.2
"352" 0.3 0.7 0.2
"353" 0.35 0.7 0.2
"354" 0.4 0.7 0.2
"355" 0.45 0.7 0.2
"356" 0.5 0.7 0.2
"357" 0.55 0.7 0.2
"358" 0.6 0.7 0.2
"359" 0.65 0.7 0.2
"360" 0.7 0.7 0.2
"361" 0.75 0.7 0.2
"362" 0.8 0.7 0.2
"363" 0.85 0.7 0.2
"364" 0.9 0.7 0.2
"365" 0.95 0.7 0.2
"366" 0.05 0.8 0.2
"367" 0.1 0.8 0.2
"368" 0.15 0.8 0.2
"369" 0.2 0.8 0.2
"370" 0.25 0.8 0.2
"371" 0.3 0.8 0.2
"372" 0.35 0.8 0.2
"373" 0.4 0.8 0.2
"374" 0.6 0.8 0.2
"375" 0.65 0.8 0.2
"376" 0.7 0.8 0.2
"377" 0.75 0.8 0.2
"378" 0.8 0.8 0.2
"379" 0.85 0.8 0.2
"380" 0.9 0.8 0.2
"381" 0.95 0.8 0.2
"382" 0.05 0.9 0.2
"383" 0.1 0.9 0.2
"384" 0.15 0.9 0.2
"385" 0.2 0.9 0.2
"386" 0.25 0.9 0.2
"387" 0.75 0.9 0.2
"388" 0.8 0.9 0.2
"389" 0.85 0.9 0.2
"390" 0.9 0.9 0.2
"391" 0.95 0.9 0.2
"392" 0.05 0.1 0.3
"393" 0.1 0.1 0.3
"394" 0.15 0.1 0.3
"395" 0.2 0.1 0.3
"396" 0.25 0.1 0.3
"397" 0.7 0.1 0.3
"398" 0.75 0.1 0.3
"399" 0.8 0.1 0.3
"400" 0.85 0.1 0.3
"401" 0.9 0.1 0.3
"402" 0.95 0.1 0.3
"403" 0.05 0.2 0.3
"404" 0.1 0.2 0.3
"405" 0.15 0.2 0.3
"406" 0.2 0.2 0.3
"407" 0.25 0.2 0.3
"408" 0.3 0.2 0.3
"409" 0.35 0.2 0.3
"410" 0.4 0.2 0.3
"411" 0.45 0.2 0.3
"412" 0.5 0.2 0.3
"413" 0.55 0.2 0.3
"414" 0.6 0.2 0.3
"415" 0.65 0.2 0.3
"416" 0.7 0.2 0.3
"417" 0.75 0.2 0.3
"418" 0.8 0.2 0.3
"419" 0.85 0.2 0.3
"420" 0.9 0.2 0.3
"421" 0.95 0.2 0.3
"422" 0.05 0.3 0.3
"423" 0.1 0.3 0.3
"424" 0.15 0.3 0.3
"425" 0.2 0.3 0.3
"426" 0.25 0.3 0.3
"427" 0.3 0.3 0.3
"428" 0.35 0.3 0.3
"429" 0.4 0.3 0.3
"430" 0.45 0.3 0.3
"431" 0.5 0.3 0.3
"432" 0.55 0.3 0.3
"433" 0.6 0.3 0.3
"434" 0.65 0.3 0.3
"435" 0.7 0.3 0.3
"436" 0.75 0.3 0.3
"437" 0.8 0.3 0.3
"438" 0.85 0.3 0.3
"439" 0.9 0.3 0.3
"440" 0.95 0.3 0.3
"441" 0.05 0.4 0.3
"442" 0.1 0.4 0.3
"443" 0.15 0.4 0.3
"444" 0.2 0.4 0.3
"445" 0.25 0.4 0.3
"446" 0.3 0.4 0.3
"447" 0.35 0.4 0.3
"448" 0.4 0.4 0.3
"449" 0.45 0.4 0.3
"450" 0.5 0.4 0.3
"451" 0.55 0.4 0.3
"452" 0.6 0.4 0.3
"453" 0.65 0.4 0.3
"454" 0.7 0.4 0.3
"455" 0.75 0.4 0.3
"456" 0.8 0.4 0.3
"457" 0.85 0.4 0.3
"458" 0.9 0.4 0.3
"459" 0.95 0.4 0.3
"460" 0.35 0.5 0.3
"461" 0.4 0.5 0.3
"462" 0.45 0.5 0.3
"463" 0.5 0.5 0.3
"464" 0.55 0.5 0.3
"465" 0.6 0.5 0.3
"466" 0.65 0.5 0.3
"467" 0.05 0.6 0.3
"468" 0.1 0.6 0.3
"469" 0.15 0.6 0.3
"470" 0.2 0.6 0.3
"471" 0.25 0.6 0.3
"472" 0.3 0.6 0.3
"473" 0.35 0.6 0.3
"474" 0.4 0.6 0.3
"475" 0.45 0.6 0.3
"476" 0.5 0.6 0.3
"477" 0.55 0.6 0.3
"478" 0.6 0.6 0.3
"479" 0.65 0.6 0.3
"480" 0.7 0.6 0.3
"481" 0.75 0.6 0.3
"482" 0.8 0.6 0.3
"483" 0.85 0.6 0.3
"484" 0.9 0.6 0.3
"485" 0.95 0.6 0.3
"486" 0.05 0.7 0.3
"487" 0.1 0.7 0.3
"488" 0.15 0.7 0.3
"489" 0.2 0.7 0.3
"490" 0.25 0.7 0.3
"491" 0.3 0.7 0.3
"492" 0.35 0.7 0.3
"493" 0.4 0.7 0.3
"494" 0.45 0.7 0.3
"495" 0.5 0.7 0.3
"496" 0.55 0.7 0.3
"497" 0.6 0.7 0.3
"498" 0.65 0.7 0.3
"499" 0.7 0.7 0.3
"500" 0.75 0.7 0.3
"501" 0.8 0.7 0.3
"502" 0.85 0.7 0.3
"503" 0.9 0.7 0.3
"504" 0.95 0.7 0.3
"505" 0.05 0.8 0.3
"506" 0.1 0.8 0.3
"507" 0.15 0.8 0.3
"508" 0.2 0.8 0.3
"509" 0.25 0.8 0.3
"510" 0.3 0.8 0.3
"511" 0.35 0.8 0.3
"512" 0.4 0.8 0.3
"513" 0.45 0.8 0.3
"514" 0.5 0.8 0.3
"515" 0.55 0.8 0.3
"516" 0.6 0.8 0.3
"517" 0.65 0.8 0.3
"518" 0.7 0.8 0.3
"519" 0.75 0.8 0.3
"520" 0.8 0.8 0.3
"521" 0.85 0.8 0.3
"522" 0.9 0.8 0.3
"523" 0.95 0.8 0.3
"524" 0.05 0.9 0.3
"525" 0.1 0.9 0.3
"526" 0.15 0.9 0.3
"527" 0.2 0.9 0.3
"528" 0.25 0.9 0.3
"529" 0.7 0.9 0.3
"530" 0.75 0.9 0.3
"531" 0.8 0.9 0.3
"532" 0.85 0.9 0.3
"533" 0.9 0.9 0.3
"534" 0.95 0.9 0.3
"535" 0.05 0.1 0.4
"536" 0.1 0.1 0.4
"537" 0.15 0.1 0.4
"538" 0.2 0.1 0.4
"539" 0.25 0.1 0.4
"540" 0.3 0.1 0.4
"541" 0.7 0.1 0.4
"542" 0.75 0.1 0.4
"543" 0.8 0.1 0.4
"544" 0.85 0.1 0.4
"545" 0.9 0.1 0.4
"546" 0.95 0.1 0.4
"547" 0.05 0.2 0.4
"548" 0.1 0.2 0.4
"549" 0.15 0.2 0.4
"550" 0.2 0.2 0.4
"551" 0.25 0.2 0.4
"552" 0.3 0.2 0.4
"553" 0.35 0.2 0.4
"554" 0.4 0.2 0.4
"555" 0.45 0.2 0.4
"556" 0.5 0.2 0.4
"557" 0.55 0.2 0.4
"558" 0.6 0.2 0.4
"559" 0.65 0.2 0.4
"560" 0.7 0.2 0.4
"561" 0.75 0.2 0.4
"562" 0.8 0.2 0.4
"563" 0.85 0.2 0.4
"564" 0.9 0.2 0.4
"565" 0.95 0.2 0.4
"566" 0.05 0.3 0.4
"567" 0.1 0.3 0.4
"568" 0.15 0.3 0.4
"569" 0.2 0.3 0.4
"570" 0.25 0.3 0.4
"571" 0.3 0.3 0.4
"572" 0.35 0.3 0.4
"573" 0.4 0.3 0.4
"574" 0.45 0.3 0.4
"575" 0.5 0.3 0.4
"576" 0.55 0.3 0.4
"577" 0.6 0.3 0.4
"578" 0.65 0.3 0.4
"579" 0.7 0.3 0.4
"580" 0.75 0.3 0.4
"581" 0.8 0.3 0.4
"582" 0.85 0.3 0.4
"583" 0.9 0.3 0.4
"584" 0.95 0.3 0.4
"585" 0.05 0.4 0.4
"586" 0.1 0.4 0.4
"587" 0.15 0.4 0.4
"588" 0.2 0.4 0.4
"589" 0.25 0.4 0.4
"590" 0.3 0.4 0.4
"591" 0.35 0.4 0.4
"592" 0.4 0.4 0.4
"593" 0.45 0.4 0.4
"594" 0.5 0.4 0.4
"595" 0.55 0.4 0.4
"596" 0.6 0.4 0.4
"597" 0.65 0.4 0.4
"598" 0.7 0.4 0.4
"599" 0.75 0.4 0.4
"600" 0.8 0.4 0.4
"601" 0.85 0.4 0.4
"602" 0.9 0.4 0.4
"603" 0.95 0.4 0.4
"604" 0.4 0.5 0.4
"605" 0.45 0.5 0.4
"606" 0.5 0.5 0.4
"607" 0.55 0.5 0.4
"608" 0.6 0.5 0.4
"609" 0.05 0.6 0.4
"610" 0.1 0.6 0.4
"611" 0.15 0.6 0.4
"612" 0.2 0.6 0.4
"613" 0.25 0.6 0.4
"614" 0.3 0.6 0.4
"615" 0.35 0.6 0.4
"616" 0.4 0.6 0.4
"617" 0.45 0.6 0.4
"618" 0.5 0.6 0.4
"619" 0.55 0.6 0.4
"620" 0.6 0.6 0.4
"621" 0.65 0.6 0.4
"622" 0.7 0.6 0.4
"623" 0.75 0.6 0.4
"624" 0.8 0.6 0.4
"625" 0.85 0.6 0.4
"626" 0.9 0.6 0.4
"627" 0.95 0.6 0.4
"628" 0.05 0.7 0.4
"629" 0.1 0.7 0.4
"630" 0.15 0.7 0.4
"631" 0.2 0.7 0.4
"632" 0.25 0.7 0.4
"633" 0.3 0.7 0.4
"634" 0.35 0.7 0.4
"635" 0.4 0.7 0.4
"636" 0.45 0.7 0.4
"637" 0.5 0.7 0.4
"638" 0.55 0.7 0.4
"639" 0.6 0.7 0.4
"640" 0.65 0.7 0.4
"641" 0.7 0.7 0.4
"642" 0.75 0.7 0.4
"643" 0.8 0.7 0.4
"644" 0.85 0.7 0.4
"645" 0.9 0.7 0.4
"646" 0.95 0.7 0.4
"647" 0.05 0.8 0.4
"648" 0.1 0.8 0.4
"649" 0.15 0.8 0.4
"650" 0.2 0.8 0.4
"651" 0.25 0.8 0.4
"652" 0.3 0.8 0.4
"653" 0.35 0.8 0.4
"654" 0.4 0.8 0.4
"655" 0.45 0.8 0.4
"656" 0.5 0.8 0.4
"657" 0.55 0.8 0.4
"658" 0.6 0.8 0.4
"659" 0.65 0.8 0.4
"660" 0.7 0.8 0.4
"661" 0.75 0.8 0.4
"662" 0.8 0.8 0.4
"663" 0.85 0.8 0.4
"664" 0.9 0.8 0.4
"665" 0.95 0.8 0.4
"666" 0.05 0.9 0.4
"667" 0.1 0.9 0.4
"668" 0.15 0.9 0.4
"669" 0.2 0.9 0.4
"670" 0.25 0.9 0.4
"671" 0.3 0.9 0.4
"672" 0.7 0.9 0.4
"673" 0.75 0.9 0.4
"674" 0.8 0.9 0.4
"675" 0.85 0.9 0.4
"676" 0.9 0.9 0.4
"677" 0.95 0.9 0.4
"678" 0.1 0.1 0.5
"679" 0.15 0.1 0.5
"680" 0.2 0.1 0.5
"681" 0.25 0.1 0.5
"682" 0.3 0.1 0.5
"683" 0.35 0.1 0.5
"684" 0.4 0.1 0.5
"685" 0.45 0.1 0.5
"686" 0.55 0.1 0.5
"687" 0.6 0.1 0.5
"688" 0.65 0.1 0.5
"689" 0.7 0.1 0.5
"690" 0.75 0.1 0.5
"691" 0.8 0.1 0.5
"692" 0.85 0.1 0.5
"693" 0.9 0.1 0.5
"694" 0.1 0.2 0.5
"695" 0.15 0.2 0.5
"696" 0.2 0.2 0.5
"697" 0.25 0.2 0.5
"698" 0.3 0.2 0.5
"699" 0.35 0.2 0.5
"700" 0.4 0.2 0.5
"701" 0.45 0.2 0.5
"702" 0.5 0.2 0.5
"703" 0.55 0.2 0.5
"704" 0.6 0.2 0.5
"705" 0.65 0.2 0.5
"706" 0.7 0.2 0.5
"707" 0.75 0.2 0.5
"708" 0.8 0.2 0.5
"709" 0.85 0.2 0.5
"710" 0.9 0.2 0.5
"711" 0.1 0.3 0.5
"712" 0.15 0.3 0.5
"713" 0.2 0.3 0.5
"714" 0.25 0.3 0.5
"715" 0.3 0.3 0.5
"716" 0.35 0.3 0.5
"717" 0.4 0.3 0.5
"718" 0.45 0.3 0.5
"719" 0.5 0.3 0.5
"720" 0.55 0.3 0.5
"721" 0.6 0.3 0.5
"722" 0.65 0.3 0.5
"723" 0.7 0.3 0.5
"724" 0.75 0.3 0.5
"725" 0.8 0.3 0.5
"726" 0.85 0.3 0.5
"727" 0.9 0.3 0.5
"728" 0.1 0.4 0.5
"729" 0.15 0.4 0.5
"730" 0.2 0.4 0.5
"731" 0.25 0.4 0.5
"732" 0.3 0.4 0.5
"733" 0.35 0.4 0.5
"734" 0.4 0.4 0.5
"735" 0.45 0.4 0.5
"736" 0.5 0.4 0.5
"737" 0.55 0.4 0.5
"738" 0.6 0.4 0.5
"739" 0.65 0.4 0.5
"740" 0.7 0.4 0.5
"741" 0.75 0.4 0.5
"742" 0.8 0.4 0.5
"743" 0.85 0.4 0.5
"744" 0.9 0.4 0.5
"745" 0.1 0.6 0.5
"746" 0.15 0.6 0.5
"747" 0.2 0.6 0.5
"748" 0.25 0.6 0.5
"749" 0.3 0.6 0.5
"750" 0.35 0.6 0.5
"751" 0.4 0.6 0.5
"752" 0.45 0.6 0.5
"753" 0.5 0.6 0.5
"754" 0.55 0.6 0.5
"755" 0.6 0.6 0.5
"756" 0.65 0.6 0.5
"757" 0.7 0.6 0.5
"758" 0.75 0.6 0.5
"759" 0.8 0.6 0.5
"760" 0.85 0.6 0.5
"761" 0.9 0.6 0.5
"762" 0.1 0.7 0.5
"763" 0.15 0.7 0.5
"764" 0.2 0.7 0.5
"765" 0.25 0.7 0.5
"766" 0.3 0.7 0.5
"767" 0.35 0.7 0.5
"768" 0.4 0.7 0.5
"769" 0.45 0.7 0.5
"770" 0.5 0.7 0.5
"771" 0.55 0.7 0.5
"772" 0.6 0.7 0.5
"773" 0.65 0.7 0.5
"774" 0.7 0.7 0.5
"775" 0.75 0.7 0.5
"776" 0.8 0.7 0.5
"777" 0.85 0.7 0.5
"778" 0.9 0.7 0.5
"779" 0.1 0.8 0.5
"780" 0.15 0.8 0.5
"781" 0.2 0.8 0.5
"782" 0.25 0.8 0.5
"783" 0.3 0.8 0.5
"784" 0.35 0.8 0.5
"785" 0.4 0.8 0.5
"786" 0.45 0.8 0.5
"787" 0.5 0.8 0.5
"788" 0.55 0.8 0.5
"789" 0.6 0.8 0.5
"790" 0.65 0.8 0.5
"791" 0.7 0.8 0.5
"792" 0.75 0.8 0.5
"793" 0.8 0.8 0.5
"794" 0.85 0.8 0.5
"795" 0.9 0.8 0.5
"796" 0.1 0.9 0.5
"797" 0.15 0.9 0.5
"798" 0.2 0.9 0.5
"799" 0.25 0.9 0.5
"800" 0.3 0.9 0.5
"801" 0.35 0.9 0.5
"802" 0.4 0.9 0.5
"803" 0.45 0.9 0.5
"804" 0.55 0.9 0.5
"805" 0.6 0.9 0.5
"806" 0.65 0.9 0.5
"807" 0.7 0.9 0.5
"808" 0.75 0.9 0.5
"809" 0.8 0.9 0.5
"810" 0.85 0.9 0.5
"811" 0.9 0.9 0.5
"812" 0.1 0.1 0.6
"813" 0.15 0.1 0.6
"814" 0.2 0.1 0.6
"815" 0.25 0.1 0.6
"816" 0.3 0.1 0.6
"817" 0.35 0.1 0.6
"818" 0.4 0.1 0.6
"819" 0.45 0.1 0.6
"820" 0.5 0.1 0.6
"821" 0.55 0.1 0.6
"822" 0.6 0.1 0.6
"823" 0.65 0.1 0.6
"824" 0.7 0.1 0.6
"825" 0.75 0.1 0.6
"826" 0.8 0.1 0.6
"827" 0.85 0.1 0.6
"828" 0.9 0.1 0.6
"829" 0.1 0.2 0.6
"830" 0.15 0.2 0.6
"831" 0.2 0.2 0.6
"832" 0.25 0.2 0.6
"833" 0.3 0.2 0.6
"834" 0.35 0.2 0.6
"835" 0.4 0.2 0.6
"836" 0.45 0.2 0.6
"837" 0.5 0.2 0.6
"838" 0.55 0.2 0.6
"839" 0.6 0.2 0.6
"840" 0.65 0.2 0.6
"841" 0.7 0.2 0.6
"842" 0.75 0.2 0.6
"843" 0.8 0.2 0.6
"844" 0.85 0.2 0.6
"845" 0.9 0.2 0.6
"846" 0.1 0.3 0.6
"847" 0.15 0.3 0.6
"848" 0.2 0.3 0.6
"849" 0.25 0.3 0.6
"850" 0.3 0.3 0.6
"851" 0.35 0.3 0.6
"852" 0.4 0.3 0.6
"853" 0.45 0.3 0.6
"854" 0.5 0.3 0.6
"855" 0.55 0.3 0.6
"856" 0.6 0.3 0.6
"857" 0.65 0.3 0.6
"858" 0.7 0.3 0.6
"859" 0.75 0.3 0.6
"860" 0.8 0.3 0.6
"861" 0.85 0.3 0.6
"862" 0.9 0.3 0.6
"863" 0.1 0.4 0.6
"864" 0.15 0.4 0.6
"865" 0.2 0.4 0.6
"866" 0.25 0.4 0.6
"867" 0.3 0.4 0.6
"868" 0.35 0.4 0.6
"869" 0.4 0.4 0.6
"870" 0.45 0.4 0.6
"871" 0.5 0.4 0.6
"872" 0.55 0.4 0.6
"873" 0.6 0.4 0.6
"874" 0.65 0.4 0.6
"875" 0.7 0.4 0.6
"876" 0.75 0.4 0.6
"877" 0.8 0.4 0.6
"878" 0.85 0.4 0.6
"879" 0.9 0.4 0.6
"880" 0.1 0.6 0.6
"881" 0.15 0.6 0.6
"882" 0.2 0.6 0.6
"883" 0.25 0.6 0.6
"884" 0.3 0.6 0.6
"885" 0.35 0.6 0.6
"886" 0.4 0.6 0.6
"887" 0.45 0.6 0.6
"888" 0.5 0.6 0.6
"889" 0.55 0.6 0.6
"890" 0.6 0.6 0.6
"891" 0.65 0.6 0.6
"892" 0.7 0.6 0.6
"893" 0.75 0.6 0.6
"894" 0.8 0.6 0.6
"895" 0.85 0.6 0.6
"896" 0.9 0.6 0.6
"897" 0.1 0.7 0.6
"898" 0.15 0.7 0.6
"899" 0.2 0.7 0.6
"900" 0.25 0.7 0.6
"901" 0.3 0.7 0.6
"902" 0.35 0.7 0.6
"903" 0.4 0.7 0.6
"904" 0.45 0.7 0.6
"905" 0.5 0.7 0.6
"906" 0.55 0.7 0.6
"907" 0.6 0.7 0.6
"908" 0.65 0.7 0.6
"909" 0.7 0.7 0.6
"910" 0.75 0.7 0.6
"911" 0.8 0.7 0.6
"912" 0.85 0.7 0.6
"913" 0.9 0.7 0.6
"914" 0.1 0.8 0.6
"915" 0.15 0.8 0.6
"916" 0.2 0.8 0.6
"917" 0.25 0.8 0.6
"918" 0.3 0.8 0.6
"919" 0.35 0.8 0.6
"920" 0.4 0.8 0.6
"921" 0.45 0.8 0.6
"922" 0.5 0.8 0.6
"923" 0.55 0.8 0.6
"924" 0.6 0.8 0.6
"925" 0.65 0.8 0.6
"926" 0.7 0.8 0.6
"927" 0.75 0.8 0.6
"928" 0.8 0.8 0.6
"929" 0.85 0.8 0.6
"930" 0.9 0.8 0.6
"931" 0.1 0.9 0.6
"932" 0.15 0.9 0.6
"933" 0.2 0.9 0.6
"934" 0.25 0.9 0.6
"935" 0.3 0.9 0.6
"936" 0.35 0.9 0.6
"937" 0.4 0.9 0.6
"938" 0.45 0.9 0.6
"939" 0.5 0.9 0.6
"940" 0.55 0.9 0.6
"941" 0.6 0.9 0.6
"942" 0.65 0.9 0.6
"943" 0.7 0.9 0.6
"944" 0.75 0.9 0.6
"945" 0.8 0.9 0.6
"946" 0.85 0.9 0.6
"947" 0.9 0.9 0.6
"948" 0.15 0.1 0.7
"949" 0.2 0.1 0.7
"950" 0.25 0.1 0.7
"951" 0.3 0.1 0.7
"952" 0.35 0.1 0.7
"953" 0.4 0.1 0.7
"954" 0.45 0.1 0.7
"955" 0.5 0.1 0.7
"956" 0.55 0.1 0.7
"957" 0.6 0.1 0.7
"958" 0.65 0.1 0.7
"959" 0.7 0.1 0.7
"960" 0.75 0.1 0.7
"961" 0.8 0.1 0.7
"962" 0.85 0.1 0.7
"963" 0.15 0.2 0.7
"964" 0.2 0.2 0.7
"965" 0.25 0.2 0.7
"966" 0.3 0.2 0.7
"967" 0.35 0.2 0.7
"968" 0.4 0.2 0.7
"969" 0.45 0.2 0.7
"970" 0.5 0.2 0.7
"971" 0.55 0.2 0.7
"972" 0.6 0.2 0.7
"973" 0.65 0.2 0.7
"974" 0.7 0.2 0.7
"975" 0.75 0.2 0.7
"976" 0.8 0.2 0.7
"977" 0.85 0.2 0.7
"978" 0.15 0.3 0.7
"979" 0.2 0.3 0.7
"980" 0.25 0.3 0.7
"981" 0.3 0.3 0.7
"982" 0.35 0.3 0.7
"983" 0.4 0.3 0.7
"984" 0.45 0.3 0.7
"985" 0.5 0.3 0.7
"986" 0.55 0.3 0.7
"987" 0.6 0.3 0.7
"988" 0.65 0.3 0.7
"989" 0.7 0.3 0.7
"990" 0.75 0.3 0.7
"991" 0.8 0.3 0.7
"992" 0.85 0.3 0.7
"993" 0.15 0.4 0.7
"994" 0.2 0.4 0.7
"995" 0.25 0.4 0.7
"996" 0.3 0.4 0.7
"997" 0.35 0.4 0.7
"998" 0.4 0.4 0.7
"999" 0.45 0.4 0.7
"1000" 0.5 0.4 0.7
"1001" 0.55 0.4 0.7
"1002" 0.6 0.4 0.7
"1003" 0.65 0.4 0.7
"1004" 0.7 0.4 0.7
"1005" 0.75 0.4 0.7
"1006" 0.8 0.4 0.7
"1007" 0.85 0.4 0.7
"1008" 0.15 0.6 0.7
"1009" 0.2 0.6 0.7
"1010" 0.25 0.6 0.7
"1011" 0.3 0.6 0.7
"1012" 0.35 0.6 0.7
"1013" 0.4 0.6 0.7
"1014" 0.45 0.6 0.7
"1015" 0.5 0.6 0.7
"1016" 0.55 0.6 0.7
"1017" 0.6 0.6 0.7
"1018" 0.65 0.6 0.7
"1019" 0.7 0.6 0.7
"1020" 0.75 0.6 0.7
"1021" 0.8 0.6 0.7
"1022" 0.85 0.6 0.7
"1023" 0.15 0.7 0.7
"1024" 0.2 0.7 0.7
"1025" 0.25 0.7 0.7
"1026" 0.3 0.7 0.7
"1027" 0.35 0.7 0.7
"1028" 0.4 0.7 0.7
"1029" 0.45 0.7 0.7
"1030" 0.5 0.7 0.7
"1031" 0.55 0.7 0.7
"1032" 0.6 0.7 0.7
"1033" 0.65 0.7 0.7
"1034" 0.7 0.7 0.7
"1035" 0.75 0.7 0.7
"1036" 0.8 0.7 0.7
"1037" 0.85 0.7 0.7
"1038" 0.15 0.8 0.7
"1039" 0.2 0.8 0.7
"1040" 0.25 0.8 0.7
"1041" 0.3 0.8 0.7
"1042" 0.35 0.8 0.7
"1043" 0.4 0.8 0.7
"1044" 0.45 0.8 0.7
"1045" 0.5 0.8 0.7
"1046" 0.55 0.8 0.7
"1047" 0.6 0.8 0.7
"1048" 0.65 0.8 0.7
"1049" 0.7 0.8 0.7
"1050" 0.75 0.8 0.7
"1051" 0.8 0.8 0.7
"1052" 0.85 0.8 0.7
"1053" 0.15 0.9 0.7
"1054" 0.2 0.9 0.7
"1055" 0.25 0.9 0.7
"1056" 0.3 0.9 0.7
"1057" 0.35 0.9 0.7
"1058" 0.4 0.9 0.7
"1059" 0.45 0.9 0.7
"1060" 0.5 0.9 0.7
"1061" 0.55 0.9 0.7
"1062" 0.6 0.9 0.7
"1063" 0.65 0.9 0.7
"1064" 0.7 0.9 0.7
"1065" 0.75 0.9 0.7
"1066" 0.8 0.9 0.7
"1067" 0.85 0.9 0.7
"1068" 0.2 0.1 0.8
"1069" 0.25 0.1 0.8
"1070" 0.3 0.1 0.8
"1071" 0.35 0.1 0.8
"1072" 0.4 0.1 0.8
"1073" 0.45 0.1 0.8
"1074" 0.5 0.1 0.8
"1075" 0.55 0.1 0.8
"1076" 0.6 0.1 0.8
"1077" 0.65 0.1 0.8
"1078" 0.7 0.1 0.8
"1079" 0.75 0.1 0.8
"1080" 0.8 0.1 0.8
"1081" 0.2 0.2 0.8
"1082" 0.25 0.2 0.8
"1083" 0.3 0.2 0.8
"1084" 0.35 0.2 0.8
"1085" 0.4 0.2 0.8
"1086" 0.45 0.2 0.8
"1087" 0.5 0.2 0.8
"1088" 0.55 0.2 0.8
"1089" 0.6 0.2 0.8
"1090" 0.65 0.2 0.8
"1091" 0.7 0.2 0.8
"1092" 0.75 0.2 0.8
"1093" 0.8 0.2 0.8
"1094" 0.2 0.3 0.8
"1095" 0.25 0.3 0.8
"1096" 0.3 0.3 0.8
"1097" 0.35 0.3 0.8
"1098" 0.4 0.3 0.8
"1099" 0.45 0.3 0.8
"1100" 0.5 0.3 0.8
"1101" 0.55 0.3 0.8
"1102" 0.6 0.3 0.8
"1103" 0.65 0.3 0.8
"1104" 0.7 0.3 0.8
"1105" 0.75 0.3 0.8
"1106" 0.8 0.3 0.8
"1107" 0.2 0.4 0.8
"1108" 0.25 0.4 0.8
"1109" 0.3 0.4 0.8
"1110" 0.35 0.4 0.8
"1111" 0.4 0.4 0.8
"1112" 0.45 0.4 0.8
"1113" 0.5 0.4 0.8
"1114" 0.55 0.4 0.8
"1115" 0.6 0.4 0.8
"1116" 0.65 0.4 0.8
"1117" 0.7 0.4 0.8
"1118" 0.75 0.4 0.8
"1119" 0.8 0.4 0.8
"1120" 0.2 0.6 0.8
"1121" 0.25 0.6 0.8
"1122" 0.3 0.6 0.8
"1123" 0.35 0.6 0.8
"1124" 0.4 0.6 0.8
"1125" 0.45 0.6 0.8
"1126" 0.5 0.6 0.8
"1127" 0.55 0.6 0.8
"1128" 0.6 0.6 0.8
"1129" 0.65 0.6 0.8
"1130" 0.7 0.6 0.8
"1131" 0.75 0.6 0.8
"1132" 0.8 0.6 0.8
"1133" 0.2 0.7 0.8
"1134" 0.25 0.7 0.8
"1135" 0.3 0.7 0.8
"1136" 0.35 0.7 0.8
"1137" 0.4 0.7 0.8
"1138" 0.45 0.7 0.8
"1139" 0.5 0.7 0.8
"1140" 0.55 0.7 0.8
"1141" 0.6 0.7 0.8
"1142" 0.65 0.7 0.8
"1143" 0.7 0.7 0.8
"1144" 0.75 0.7 0.8
"1145" 0.8 0.7 0.8
"1146" 0.2 0.8 0.8
"1147" 0.25 0.8 0.8
"1148" 0.3 0.8 0.8
"1149" 0.35 0.8 0.8
"1150" 0.4 0.8 0.8
"1151" 0.45 0.8 0.8
"1152" 0.5 0.8 0.8
"1153" 0.55 0.8 0.8
"1154" 0.6 0.8 0.8
"1155" 0.65 0.8 0.8
"1156" 0.7 0.8 0.8
"1157" 0.75 0.8 0.8
"1158" 0.8 0.8 0.8
"1159" 0.2 0.9 0.8
"1160" 0.25 0.9 0.8
"1161" 0.3 0.9 0.8
"1162" 0.35 0.9 0.8
"1163" 0.4 0.9 0.8
"1164" 0.45 0.9 0.8
"1165" 0.5 0.9 0.8
"1166" 0.55 0.9 0.8
"1167" 0.6 0.9 0.8
"1168" 0.65 0.9 0.8
"1169" 0.7 0.9 0.8
"1170" 0.75 0.9 0.8
"1171" 0.8 0.9 0.8
"1172" 0.3 0.1 0.9
"1173" 0.35 0.1 0.9
"1174" 0.4 0.1 0.9
"1175" 0.45 0.1 0.9
"1176" 0.5 0.1 0.9
"1177" 0.55 0.1 0.9
"1178" 0.6 0.1 0.9
"1179" 0.65 0.1 0.9
"1180" 0.7 0.1 0.9
"1181" 0.3 0.2 0.9
"1182" 0.35 0.2 0.9
"1183" 0.4 0.2 0.9
"1184" 0.45 0.2 0.9
"1185" 0.5 0.2 0.9
"1186" 0.55 0.2 0.9
"1187" 0.6 0.2 0.9
"1188" 0.65 0.2 0.9
"1189" 0.7 0.2 0.9
"1190" 0.3 0.3 0.9
"1191" 0.35 0.3 0.9
"1192" 0.4 0.3 0.9
"1193" 0.45 0.3 0.9
"1194" 0.5 0.3 0.9
"1195" 0.55 0.3 0.9
"1196" 0.6 0.3 0.9
"1197" 0.65 0.3 0.9
"1198" 0.7 0.3 0.9
"1199" 0.3 0.4 0.9
"1200" 0.35 0.4 0.9
"1201" 0.4 0.4 0.9
"1202" 0.45 0.4 0.9
"1203" 0.5 0.4 0.9
"1204" 0.55 0.4 0.9
"1205" 0.6 0.4 0.9
"1206" 0.65 0.4 0.9
"1207" 0.7 0.4 0.9
"1208" 0.3 0.6 0.9
"1209" 0.35 0.6 0.9
"1210" 0.4 0.6 0.9
"1211" 0.45 0.6 0.9
"1212" 0.5 0.6 0.9
"1213" 0.55 0.6 0.9
"1214" 0.6 0.6 0.9
"1215" 0.65 0.6 0.9
"1216" 0.7 0.6 0.9
"1217" 0.3 0.7 0.9
"1218" 0.35 0.7 0.9
"1219" 0.4 0.7 0.9
"1220" 0.45 0.7 0.9
"1221" 0.5 0.7 0.9
"1222" 0.55 0.7 0.9
"1223" 0.6 0.7 0.9
"1224" 0.65 0.7 0.9
"1225" 0.7 0.7 0.9
"1226" 0.3 0.8 0.9
"1227" 0.35 0.8 0.9
"1228" 0.4 0.8 0.9
"1229" 0.45 0.8 0.9
"1230" 0.5 0.8 0.9
"1231" 0.55 0.8 0.9
"1232" 0.6 0.8 0.9
"1233" 0.65 0.8 0.9
"1234" 0.7 0.8 0.9
"1235" 0.3 0.9 0.9
"1236" 0.35 0.9 0.9
"1237" 0.4 0.9 0.9
"1238" 0.45 0.9 0.9
"1239" 0.5 0.9 0.9
"1240" 0.55 0.9 0.9
"1241" 0.6 0.9 0.9
"1242" 0.65 0.9 0.9
"1243" 0.7 0.9 0.9
"1244" 0.5 0.1 1
"1245" 0.5 0.2 1
"1246" 0.5 0.3 1
"1247" 0.5 0.4 1
"1248" 0.5 0.6 1
"1249" 0.5 0.7 1
"1250" 0.5 0.8 1
"1251" 0.5 0.9 1
