"V1" "V2" "V3" "V4"
"1" 0.223024646264498 -0.0579519138947173 -0.017486793793082 0.0360113376392732
"2" 0.679330654947509 -0.207433578536905 -0.0163057438591002 -0.0646697894393558
"3" 0.316667875899975 0.0725393446135934 0.182536094233097 -0.0874841534454985
"4" 0.561970727109296 -0.205464798187317 -0.14417247673446 0.109972767518649
"5" -0.525363410308719 -0.192116716601987 0.135906262063491 0.107067096047867
"6" -0.416544278788575 -0.0835557584929965 -0.0611564011536979 -0.0914103749860006
"7" 0.128574434630079 0.233110276824729 0.17029051567994 0.0006947729719442
"8" 0.43943921383949 -0.106792087521409 0.0400758131597892 -0.0834986968703049
"9" -0.0281199439450806 0.331989059206598 -0.0302723592966659 0.0952450115272244
"10" -0.185321966306635 -0.0357427429147135 -0.0128019416682775 0.0150233196162914
"11" -0.682407742415039 -0.210551242362417 0.0229219436762626 -0.054528333650505
"12" -0.210016771350624 0.177550510279548 -0.204950803988521 -0.0755814464346903
