"V1" "V2" "V3"
"1" 599924.63 6744646.2 2942.1113
"2" 600026.83 6744640.5 2909.4502
"3" 600123.36 6744589.6 2846.3504
"4" 600174.46 6744606.6 2815.0779
"5" 600157.42 6744691.5 2810.7236
"6" 600112 6744798.9 2806.3108
"7" 600094.97 6744900.7 2813.3782
"8" 600094.97 6744985.6 2827.9242
"9" 600163.1 6745087.4 2806.3749
"10" 600231.24 6745149.6 2774.7976
"11" 600327.76 6745166.6 2701.1908
"12" 600361.71 6745252.1 2694.1411
"13" 600441.32 6745336.3 2692.0943
"14" 600520.81 6745392.8 2678.3827
"15" 600645.72 6745443.7 2664.6769
"16" 600736.57 6745500.3 2651.036
"17" 600821.73 6745522.9 2621.1934
"18" 600923.93 6745562.5 2611.9473
"19" 601009.1 6745636 2615.3784
"20" 601099.95 6745715.2 2619.5794
"21" 601116.98 6745788.7 2636.6718
"22" 601134.02 6745862.3 2621.33
"23" 601162.41 6745913.2 2634.6246
"24" 601179.44 6745952.8 2640.1512
"25" 601207.83 6746003.7 2657.3352
"26" 601258.93 6746054.6 2658.3643
"27" 601304.35 6746082.9 2653.0367
"28" 601378.16 6746133.8 2661.2657
"29" 601457.65 6746145.1 2678.9623
"30" 601548.5 6746122.4 2721.5842
"31" 601599.6 6746077.2 2720.3529
"32" 601633.67 6746048.9 2725.0155
"33" 601673.41 6745986.7 2741.9032
"34" 601701.8 6745935.8 2780.7954
"35" 601747.22 6745918.8 2815.673
"36" 601781.29 6745975.4 2842.2151
"37" 601815.36 6746026.3 2859.6816
"38" 601877.82 6745986.7 2898.6995
"39" 601923.24 6745918.8 2902.5876
"40" 601872.14 6745851 2878.2134
"41" 601798.33 6745834 2840.4172
"42" 601724.51 6745834 2788.0953
"43" 601622.31 6745817 2728.1609
"44" 601531.47 6745800.1 2663.9334
"45" 601491.72 6745743.5 2617.9943
"46" 601491.72 6745658.6 2598.3782
"47" 601542.82 6745590.8 2561.5565
"48" 601650.7 6745551.2 2552.0514
"49" 601752.9 6745477.7 2551.0285
"50" 601855.1 6745432.4 2531.1894
"51" 602053.83 6745319.3 2511.4358
"52" 602212.81 6745177.9 2497.5607
"53" 602275.27 6745098.7 2488.6868
"54" 602326.37 6745002.5 2479.3523
"55" 602383.15 6744844.2 2449.088
"56" 602422.89 6744736.7 2426.9384
"57" 602485.35 6744685.8 2420.029
"58" 602542.13 6744527.4 2396.11
"59" 602593.23 6744357.7 2362.3076
"60" 602650.01 6744233.3 2355.5023
"61" 602667.04 6744097.6 2333.5075
"62" 602678.39 6744063.6 2328.3661
"63" 602650.01 6743956.2 2317.7896
"64" 602610.26 6743826.1 2285.3648
"65" 602615.94 6743684.7 2276.9852
"66" 602655.68 6743673.4 2284.6031
"67" 602723.82 6743724.3 2326.7755
"68" 602803.31 6743809.1 2387.3322
"69" 602814.66 6743910.9 2418.3497
"70" 602922.54 6744108.9 2481.3087
"71" 602950.93 6744233.3 2537.8847
"72" 602945.25 6744346.4 2565.815
"73" 602905.51 6744420 2566.5737
"74" 602911.19 6744584 2624.7783
"75" 602933.9 6744663.2 2644.2812
"76" 602916.86 6744770.6 2658.4004
"77" 602899.83 6744793.3 2654.0719
"78" 602831.7 6744765 2623.8792
"79" 602774.92 6744810.2 2614.207
"80" 602723.82 6744889.4 2618.6165
"81" 602684.07 6744985.6 2648.7529
"82" 602672.72 6745059.1 2667.7622
"83" 602672.72 6745087.4 2667.7622
"84" 602814.66 6745245.8 2810.1915
"85" 602899.83 6745308 2836.6148
"86" 602956.61 6745274 2832.8608
"87" 602990.68 6745217.5 2825.7493
"88" 603019.07 6745132.6 2785.934
"89" 603030.42 6745093 2769.0309
"90" 603126.95 6745132.6 2776.8323
"91" 603195.08 6745098.7 2766.7779
"92" 603257.54 6744991.2 2717.014
"93" 603291.6 6744889.4 2712.5936
"94" 603302.96 6744759.3 2684.9096
"95" 603291.6 6744646.2 2653.8292
"96" 603285.93 6744584 2638.4347
"97" 603314.32 6744510.5 2607.8077
"98" 603331.35 6744397.3 2572.6111
"99" 603319.99 6744244.6 2556.5758
"100" 603285.93 6744125.8 2531.6822
"101" 603206.44 6744018.4 2494.8635
"102" 603143.98 6743950.5 2480.4345
"103" 603064.49 6743871.3 2451.8154
"104" 602956.61 6743746.9 2386.6901
"105" 602865.76 6743605.5 2337.4617
"106" 602769.24 6743492.4 2307.7217
"107" 602667.06 6743436.6 2276.5123
"108" 602657.43 6743424.5 2258.0785
"109" 602640.57 6743400.5 2258.0785
"110" 602630.94 6743381.2 2237.8589
"111" 602614.09 6743361.9 2230.0352
"112" 602602.05 6743333 2225.4687
"113" 602594.83 6743309 2217.1635
"114" 602585.2 6743284.9 2217.1635
"115" 602573.16 6743256 2212.7468
"116" 602563.53 6743229.5 2205.8951
"117" 602549.08 6743205.4 2209.0644
"118" 602546.67 6743176.5 2205.6656
"119" 602544.26 6743145.2 2202.2867
"120" 602537.04 6743116.3 2195.3421
"121" 602510.56 6743099.5 2183.5845
"122" 602491.29 6743070.6 2183.5845
"123" 602474.44 6743046.5 2174.7036
"124" 602459.99 6743017.6 2164.2316
"125" 602438.32 6742986.3 2144.943
"126" 602419.06 6742955 2132.1211
"127" 602399.8 6742911.7 2130.0093
"128" 602392.58 6742875.6 2127.0452
"129" 602392.58 6742839.5 2125.3556
"130" 602394.98 6742813 2124.7248
"131" 602404.62 6742784.1 2121.7166
"132" 602409.43 6742752.8 2117.2822
"133" 602409.43 6742714.2 2111.4228
"134" 602404.62 6742673.3 2108.898
"135" 602404.62 6742634.8 2107.2462
"136" 602404.62 6742586.6 2103.0847
"137" 602397.39 6742555.3 2099.3886
"138" 602390.17 6742519.2 2089.4504
"139" 602358.72 6742499.3 2079.7319
"140" 602324.48 6742486 2078.7683
"141" 602300.26 6742467.6 2066.706
"142" 602285.23 6742435 2066.706
"143" 602266.02 6742395.8 2049.3136
"144" 602250.98 6742360.7 2047.5025
"145" 602227.6 6742323.9 2044.6132
"146" 602206.72 6742287.2 2038.3383
"147" 602174.98 6742243.8 2033.4446
"148" 602142.41 6742210.4 2023.5753
"149" 602101.49 6742176.1 2007.8203
"150" 602060.56 6742137.7 1974.5701
"151" 602027.16 6742108.5 1976.3
"152" 601992.91 6742097.6 1950.9121
"153" 601976.21 6742101 1950.9121
"154" 601965.91 6742117.3 1969.968
"155" 601968.83 6742143.5 1969.968
"156" 601970.28 6742175.6 1989.3029
"157" 601976.11 6742209.1 1998.6686
"158" 601979.03 6742239.7 2008.554
"159" 601971.74 6742273.2 2018.9657
"160" 601965.91 6742309.6 2029.3973
"161" 601963 6742351.9 2039.1421
"162" 601964.46 6742385.4 2058.0384
"163" 601970.28 6742427.6 2065.8591
"164" 601986.31 6742461.1 2071.1034
"165" 602008.17 6742488.8 2072.2401
"166" 602027.11 6742532.5 2079.5922
"167" 602048.97 6742573.3 2084.0283
"168" 602060.62 6742614.1 2100.1722
"169" 602060.62 6742654.9 2106.6397
"170" 602057.71 6742704.5 2121.323
"171" 602050.42 6742729.2 2128.2857
"172" 602044.59 6742778.8 2132.7957
"173" 602027.11 6742812.3 2139.9191
"174" 602002.73 6742841.9 2137.4823
"175" 601923.24 6742960.7 2169.7951
"176" 601821.04 6743136 2204.121
"177" 601724.51 6743390.5 2268.0577
"178" 601599.6 6743594.2 2306.606
"179" 601531.47 6743679 2325.59
"180" 601429.26 6743724.3 2364.2708
"181" 601281.64 6743707.3 2428.0574
"182" 601241.89 6743599.8 2518.5123
"183" 601173.76 6743520.6 2578.1776
"184" 601071.56 6743464.1 2701.33
"185" 600952.32 6743492.4 2726.0469
"186" 600725.21 6743599.8 2770.7632
"187" 600583.26 6743707.3 2842.4331
"188" 600452.67 6743843 2855.4025
"189" 600401.57 6743944.8 2861.4425
"190" 600435.64 6743995.8 2836.7566
"191" 600537.84 6743967.5 2735.4647
"192" 600651.4 6743950.5 2654.4988
"193" 600702.5 6743973.1 2600.2792
"194" 600725.21 6744052.3 2553.1491
"195" 600696.82 6744154.1 2542.4164
"196" 600753.6 6744244.6 2547.0045
"197" 600867.16 6744250.3 2516.5506
"198" 600952.32 6744193.7 2507.829
"199" 601026.14 6744142.8 2478.1131
"200" 601128.34 6744086.3 2438.1424
"201" 601281.64 6744058 2404.2888
"202" 601410.81 6744060 2369.1946
"203" 601449.32 6744068.1 2365.5375
"204" 601481.74 6744090.4 2369.8257
"205" 601481.74 6744112.6 2391.7804
"206" 601475.66 6744145.1 2391.7804
"207" 601465.53 6744177.5 2396.8328
"208" 601449.32 6744201.8 2435.6942
"209" 601437.16 6744220 2435.6942
"210" 601425 6744244.4 2454.3967
"211" 601414.87 6744268.7 2454.3967
"212" 601400.68 6744293 2452.2937
"213" 601396.63 6744335.5 2453.2082
"214" 601394.6 6744363.9 2453.2082
"215" 601388.52 6744406.5 2463.164
"216" 601388.52 6744434.8 2464.1696
"217" 601386.5 6744475.4 2476.39
"218" 601386.5 6744511.8 2482.4018
"219" 601366.23 6744546.3 2496.0174
"220" 601348 6744576.7 2501.8252
"221" 601331.79 6744607.1 2529.2754
"222" 601321.66 6744641.5 2524.5108
"223" 601301.39 6744686.1 2523.5184
"224" 601285.18 6744712.4 2523.5184
"225" 601271 6744734.7 2533.8321
"226" 601250.73 6744761.1 2528.9324
"227" 601228.44 6744783.4 2543.0116
"228" 601216.28 6744807.7 2569.7428
"229" 601193.99 6744836.1 2569.7428
"230" 601163.6 6744854.3 2600.1063
"231" 601129.15 6744862.4 2600.1063
"232" 601116.98 6744861.1 2628.481
"233" 601026.14 6744787.6 2681.2759
"234" 600980.71 6744685.8 2716.8025
"235" 600963.68 6744612.3 2726.2396
"236" 600833.09 6744550.1 2728.6172
"237" 600696.82 6744493.5 2731.0806
"238" 600554.87 6744425.6 2768.7479
"239" 600441.32 6744352.1 2801.0869
"240" 600327.76 6744306.8 2842.9293
"241" 600236.91 6744227.7 2950.1469
"242" 600123.36 6744233.3 2938.5825
"243" 600055.22 6744289.9 2927.3214
"244" 599992.77 6744391.7 2907.0849
"245" 599941.66 6744487.8 2896.3088
"246" 599918.95 6744544.4 2899.2492
"247" 599907.6 6744601 2919.5422
"249" 602320 6744350 2389.419
"250" 602290 6744800 2441.881
"251" 600820 6745220 2649.369
"252" 601570 6744530 2457.602
"253" 602020 6745100 2498.988
"254" 601870 6745250 2523.56
"255" 602170 6744320 2390.935
"256" 601750 6744440 2442.586
"257" 603010 6744320 2554.428
"258" 602980 6744980 2722.472
"259" 600880 6745160 2644.556
"260" 601930 6744800 2472.244
"261" 600850 6744020 2504.221
"262" 601390 6745310 2564.417
"263" 601930 6743960 2333.899
"264" 602110 6744620 2433.887
"265" 603250 6744770 2685.507
"266" 600820 6744110 2513.562
"267" 600490 6744470 2793.917
"268" 602380 6742970 2139.5
"269" 600700 6744800 2688.203
"270" 602050 6742160 1989.841
"271" 602830 6744980 2691.391
"272" 600130 6744770 2812.67
"273" 601510 6744950 2538.02
"274" 600820 6743600 2737.743
"275" 601990 6742130 1969.968
"276" 600640 6743690 2778.838
"277" 602020 6744890 2462.854
"278" 600700 6743810 2671.129
"279" 603250 6744170 2523.153
"280" 602110 6742640 2104.651
"281" 601930 6744680 2466.639
"282" 602860 6743900 2424.931
"283" 600790 6745490 2632.933
"284" 601150 6745400 2574.354
"285" 601540 6744380 2435.01
"286" 601510 6743720 2340.24
"287" 600310 6745040 2737.377
"288" 601630 6744890 2517.534
"289" 600760 6744080 2535.819
"290" 601990 6744110 2370.35
"291" 601990 6743180 2203.99
"292" 601870 6745070 2510.702
"293" 601210 6744020 2415.155
"294" 602020 6744440 2423.751
"295" 600430 6744500 2801.387
"296" 601390 6744020 2370.864
"297" 602620 6743420 2246.175
"298" 600070 6744500 2891.418
"299" 601450 6744560 2453.175
"300" 601870 6744050 2363.348
"301" 601450 6745250 2560.084
"302" 600490 6745010 2714.994
"303" 602560 6743870 2290.512
"304" 601570 6745550 2550.668
"305" 600220 6744260 2936.587
"306" 602830 6743750 2362.921
"307" 602230 6745100 2483.893
"308" 602020 6744980 2471.459
"309" 601930 6745010 2491.952
"310" 600400 6745070 2713.901
"311" 601600 6744680 2474.958
"312" 601960 6743720 2283.951
"313" 601600 6744800 2501.906
"314" 600550 6744710 2737.859
"315" 602470 6744590 2408.28
"316" 600370 6745130 2701.047
"317" 601810 6743930 2333.51
"318" 601870 6743900 2324.232
"319" 603040 6743990 2469.912
"320" 602050 6742370 2039.845
"321" 602440 6744410 2383.657
"322" 600130 6744380 2902.024
"323" 601330 6745400 2571.55
"324" 600370 6745220 2691.875
"325" 601840 6743210 2220.347
"326" 602770 6745160 2746.016
"327" 601000 6743510 2706.166
"328" 601960 6743030 2186.667
"329" 602110 6742190 2007.82
"330" 600730 6745400 2654.783
"331" 600970 6744770 2692.701
"332" 601270 6745940 2638.613
"333" 600820 6744740 2688.477
"334" 601390 6744590 2482.271
"335" 602230 6743780 2292.936
"336" 602740 6744950 2644.748
"337" 600550 6743750 2850.987
"338" 602020 6742310 2027.076
"339" 602050 6743210 2203.584
"340" 602320 6742910 2137.53
"341" 601840 6744140 2388.261
"342" 602920 6744470 2586.768
"343" 602080 6743270 2211.023
"344" 601690 6744200 2404.703
"345" 603010 6744830 2682.087
"346" 601360 6743750 2391.88
"347" 601300 6745490 2568.319
"348" 601450 6744650 2477.419
"349" 602290 6744890 2455.25
"350" 602530 6744020 2318.309
"351" 602050 6744050 2349.815
"352" 600910 6743540 2725.553
"353" 601180 6744860 2584.747
"354" 602980 6744260 2538.663
"355" 600610 6745160 2666.009
"356" 600310 6744770 2753.943
"357" 600520 6744770 2730.054
"358" 602290 6744440 2398.638
"359" 602500 6743330 2234.149
"360" 601690 6744860 2508.44
"361" 600970 6744980 2638.06
"362" 601930 6744260 2406.222
"363" 601390 6745220 2561.615
"364" 600430 6744440 2804.497
"365" 601180 6745250 2563.189
"366" 601810 6745880 2845.25
"367" 601060 6744080 2454.248
"368" 602470 6744110 2335.725
"369" 600430 6744560 2788.941
"370" 601600 6744590 2456.439
"371" 601990 6742370 2049.599
"372" 601870 6743990 2347.841
"373" 600340 6744350 2833.439
"374" 601810 6744080 2375.936
"375" 602050 6744530 2429.271
"376" 601780 6743900 2325.94
"377" 602710 6745040 2673.659
"378" 601300 6745880 2629.489
"379" 602230 6744260 2380.383
"380" 602440 6743270 2227.993
"381" 602290 6743210 2205.888
"382" 600550 6744920 2712.793
"383" 602110 6744470 2412.032
"384" 601900 6743510 2258.954
"385" 603040 6744560 2624.81
"386" 601810 6745190 2522.058
"387" 601750 6744920 2511.485
"388" 601960 6744050 2357.828
"389" 600970 6745220 2623.221
"390" 602170 6743960 2318.788
"391" 602140 6742820 2138.123
"392" 600700 6744560 2734.673
"393" 603100 6745010 2733.812
"394" 601510 6745940 2672.865
"395" 602110 6743960 2317.12
"396" 600130 6744290 2931.799
"397" 602170 6743420 2240.884
"398" 602380 6744140 2343.617
"399" 601390 6744710 2500.139
"400" 601210 6745460 2575.754
"401" 600760 6743630 2762.36
"402" 602260 6744320 2390.271
"403" 602080 6742430 2051.078
"404" 600850 6744200 2511.004
"405" 600850 6745340 2641.623
"406" 601630 6743870 2328.289
"407" 600910 6745250 2634.249
"408" 601990 6743510 2260.831
"409" 602350 6742670 2108.342
"410" 602440 6744470 2390.825
"411" 602230 6744110 2331.898
"412" 602620 6744080 2329.602
"413" 600850 6743660 2684.738
"414" 602050 6742910 2154.354
"415" 602710 6743480 2288.483
"416" 601210 6743630 2501.793
"417" 601600 6744950 2529.205
"418" 602530 6744350 2369.811
"419" 600130 6744440 2883.409
"420" 601570 6743900 2341.065
"421" 602560 6743360 2230.542
"422" 601480 6745160 2553.551
"423" 600160 6745010 2793.455
"424" 602170 6742610 2089.242
"425" 602920 6743840 2413.006
"426" 600910 6743660 2628.463
"427" 600970 6745550 2607.13
"428" 601810 6745340 2526.82
"429" 601270 6744800 2531.053
"430" 602890 6743690 2360.328
"431" 601000 6744110 2470.655
"432" 600670 6744920 2694.875
"433" 602050 6743120 2193.493
"434" 603070 6744050 2486.878
"435" 600880 6744710 2700.691
"436" 601930 6744350 2419.495
"437" 603190 6744230 2530.1
"438" 600880 6745520 2616.646
"439" 602470 6744200 2351.196
"440" 600520 6745370 2678.383
"441" 600850 6743720 2619.701
"442" 601300 6744770 2525.11
"443" 601360 6745460 2563.041
"444" 600640 6745250 2662.881
"445" 602020 6743780 2292.28
"446" 602350 6743570 2266.376
"447" 601990 6743930 2319.586
"448" 600940 6745310 2623.112
"449" 601570 6744170 2403.171
"450" 601060 6745400 2585.534
"451" 600370 6744710 2757.623
"452" 601060 6745220 2593.867
"453" 600190 6744740 2789.623
"454" 602500 6743960 2310.769
"455" 601840 6743420 2251.41
"456" 602260 6743300 2224.87
"457" 600370 6744470 2808.843
"458" 602290 6744680 2425.712
"459" 601660 6745160 2534.391
"460" 600940 6745070 2637.743
"461" 601240 6745280 2564.191
"462" 601570 6745850 2689.852
"463" 602530 6743630 2267.305
"464" 602080 6742850 2145.872
"465" 601360 6746090 2654.656
"466" 601600 6744380 2433.222
"467" 601870 6745310 2521.072
"468" 601810 6744950 2503.767
"469" 601480 6745610 2573.798
"470" 601660 6743930 2336.025
"471" 602800 6744890 2646.017
"472" 601930 6743450 2248.265
"473" 602860 6743810 2392.563
"474" 601210 6743840 2413.539
"475" 602020 6744170 2374.262
"476" 601630 6745970 2726.372
"477" 602500 6744530 2396.659
"478" 601900 6743060 2187.196
"479" 600940 6744920 2648.681
"480" 601420 6744410 2446.508
"481" 601210 6745850 2624.064
"482" 600820 6745130 2648.258
"483" 601960 6743120 2199.747
"484" 603190 6744410 2567.713
"485" 600340 6744530 2803.832
"486" 602350 6744290 2378.758
"487" 601900 6744620 2461.11
"488" 601450 6744470 2449.449
"489" 601120 6744050 2432.784
"490" 602350 6744500 2403.455
"491" 601810 6743690 2287.681
"492" 600640 6743810 2723.643
"493" 601660 6745520 2554.166
"494" 601360 6745640 2583.934
"495" 600940 6744170 2495.172
"496" 602380 6742910 2130.009
"497" 601690 6745280 2536.474
"498" 602950 6744380 2569.438
"499" 601330 6745130 2557.74
"500" 601510 6743780 2340.169
"501" 602980 6745100 2766.343
"502" 602230 6743030 2162.363
"503" 602950 6744770 2664.877
"504" 602350 6744590 2413.704
"505" 600190 6744350 2898.689
"506" 601540 6745010 2541.177
"507" 601510 6744590 2453.909
"508" 601480 6745460 2553.789
"509" 600430 6745280 2688.265
"510" 601420 6745010 2550.316
"511" 601990 6745310 2510.831
"512" 601960 6743360 2229.781
"513" 600280 6745130 2731.263
"514" 601690 6745370 2536.268
"515" 600460 6743960 2792.743
"516" 602050 6743570 2260.205
"517" 601060 6743510 2673.625
"518" 603250 6744950 2714.186
"519" 602260 6742520 2085.41
"520" 600550 6745070 2687.748
"521" 602290 6742850 2130.146
"522" 602260 6743990 2314.682
"523" 602500 6743240 2220.658
"524" 600310 6744950 2742.969
"525" 602560 6743810 2280.273
"526" 600760 6743720 2698.383
"527" 603100 6744380 2559.876
"528" 601990 6745040 2490.897
"529" 602350 6742730 2113.897
"530" 602890 6744830 2659.709
"531" 600520 6744530 2783.142
"532" 601060 6743780 2453.905
"533" 601150 6745790 2621.183
"534" 601720 6744680 2463.799
"535" 601210 6745970 2650.576
"536" 601960 6743240 2210.364
"537" 602680 6743660 2293.027
"538" 600850 6745070 2649.375
"539" 601930 6743780 2299.209
"540" 601780 6743990 2351.44
"541" 602200 6743690 2280.846
"542" 600430 6745010 2726.008
"543" 601090 6744980 2611.115
"544" 603190 6744830 2695.547
"545" 602230 6742400 2052.625
"546" 601720 6745130 2526.918
"547" 600820 6745280 2648.022
"548" 601780 6743390 2260.343
"549" 600340 6744620 2784.207
"550" 600160 6744830 2788.919
"551" 602470 6743690 2280.422
"552" 601450 6745700 2603.865
"553" 601870 6745940 2890.631
"554" 601300 6745340 2569.896
"555" 600070 6744320 2919.312
"556" 602320 6743060 2162.419
"557" 602110 6744680 2443.941
"558" 602500 6743870 2294.944
"559" 600520 6743840 2841.145
"560" 602080 6743060 2183.225
"561" 600250 6745040 2754.209
"562" 601210 6745790 2614.613
"563" 602350 6743510 2260.54
"564" 599980 6744530 2908.834
"565" 600640 6744980 2695.827
"566" 600760 6745160 2648.371
"567" 602590 6744320 2357.844
"568" 602500 6744290 2362.737
"569" 602170 6742280 2036.861
"570" 602410 6743330 2238.158
"571" 601600 6745220 2543.604
"572" 602140 6743030 2172.03
"573" 602980 6744620 2640.203
"574" 601870 6744920 2486.728
"575" 602620 6743450 2252.898
"576" 601210 6745370 2570.928
"577" 601690 6743690 2295.179
"578" 602020 6742190 1994.662
"579" 603070 6744620 2641.698
"580" 602140 6744560 2417.561
"581" 602380 6744050 2330.958
"582" 599950 6744560 2911.342
"583" 602020 6743060 2187.184
"584" 600550 6743870 2765.065
"585" 602230 6742730 2107.503
"586" 602050 6743720 2283.092
"587" 600760 6744140 2532.292
"588" 601480 6745310 2556.86
"589" 601930 6743660 2276.432
"590" 601990 6743300 2217.675
"591" 600250 6744530 2819.742
"592" 601120 6745250 2568.57
"593" 602800 6745130 2742.333
"594" 600730 6745460 2650.587
"595" 601750 6744830 2497.08
"596" 600400 6744860 2733.611
"597" 600490 6745310 2682.665
"598" 602260 6742460 2066.954
"599" 602230 6744410 2395.468
"600" 600250 6744920 2748.987
"601" 603250 6744680 2663.235
"602" 602110 6743390 2233.406
"603" 602800 6743540 2316.613
"604" 601330 6744710 2512.805
"605" 601480 6745070 2549.423
"606" 601300 6743810 2401.914
"607" 601420 6746000 2655.681
"608" 601570 6743810 2329.354
"609" 601990 6744830 2466.639
"610" 602260 6742940 2147.824
"611" 602500 6743570 2262.252
"612" 602350 6744860 2452.897
"613" 601780 6744680 2457.925
"614" 600760 6744740 2690.003
"615" 601510 6744500 2450.435
"616" 601090 6745130 2594.782
"617" 601000 6743540 2678.283
"618" 601720 6744050 2368.003
"619" 600790 6743780 2618.746
"620" 602980 6743900 2443.026
"621" 601960 6742970 2170.312
"622" 602080 6744140 2355.244
"623" 602350 6742610 2103.047
"624" 600820 6743930 2536.299
"625" 601690 6744950 2521.343
"626" 601780 6743870 2319.608
"627" 601690 6743840 2318.495
"628" 601990 6743420 2242.697
"629" 601660 6745190 2535.744
"630" 602230 6744890 2453.834
"631" 602080 6745040 2478.199
"632" 601420 6745490 2556.911
"633" 600490 6744410 2782.943
"634" 601990 6744230 2387.618
"635" 600400 6744770 2742.179
"636" 601480 6745790 2635.345
"637" 602890 6744920 2685.397
"638" 600880 6744860 2661.898
"639" 601930 6744170 2385.824
"640" 602470 6743510 2254.775
"641" 602140 6742520 2072.043
"642" 601720 6745910 2799.053
"643" 602200 6742490 2074.371
"644" 601420 6745130 2555.142
"645" 601630 6745100 2535.412
"646" 601000 6743600 2626.24
"647" 602470 6743090 2188.968
"648" 602950 6744560 2621.709
"649" 600910 6744080 2485.609
"650" 602050 6742790 2132.796
"651" 602350 6743840 2295.783
"652" 602170 6744230 2362.271
"653" 601030 6745610 2604.965
"654" 601360 6745910 2636.836
"655" 601660 6744650 2464.086
"656" 602230 6743900 2308.795
"657" 602950 6745190 2805.754
"658" 600760 6744200 2538.745
"659" 602140 6742910 2153.177
"660" 602200 6742340 2042.652
"661" 601300 6745580 2576.062
"662" 601000 6745340 2603.498
"663" 601660 6744290 2416.915
"664" 601510 6743870 2348.364
"665" 601150 6743600 2546.518
"666" 600550 6744830 2716.101
"667" 601810 6744260 2408.773
"668" 600880 6744770 2682.365
"669" 600310 6744440 2822.413
"670" 601570 6743720 2317.177
"671" 601030 6745460 2592.457
"672" 600490 6744920 2722.785
"673" 600490 6744860 2724.277
"674" 601900 6744110 2377.558
"675" 602410 6743870 2303.445
"676" 602320 6744110 2342.708
"677" 602380 6743210 2213.976
"678" 602020 6743660 2270.953
"679" 601720 6743930 2333.204
"680" 601990 6744740 2468.214
"681" 600040 6744410 2905.343
"682" 601150 6745040 2577.567
"683" 601870 6745160 2518.843
"684" 602920 6745250 2827.784
"685" 601000 6743660 2584.639
"686" 601450 6745040 2550.007
"687" 602740 6745100 2707.894
"688" 601030 6743960 2447.577
"689" 601480 6745850 2652.553
"690" 601810 6745100 2519.186
"691" 601300 6744050 2394.454
"692" 602170 6742700 2109.451
"693" 601510 6744320 2431.405
"694" 603250 6744500 2603.924
"695" 602530 6743150 2202.287
"696" 602890 6745160 2778.671
"697" 602410 6744710 2421.39
"698" 602440 6744020 2322.923
"699" 600370 6744980 2736.884
"700" 600580 6744470 2766.469
"701" 603160 6745100 2764.953
"702" 601990 6744290 2404.067
"703" 601510 6744680 2478.208
"704" 603220 6744080 2499.451
"705" 601570 6744740 2490.49
"706" 601720 6744380 2429.91
"707" 602830 6743600 2327.401
"708" 603040 6744380 2563.038
"709" 601120 6743960 2426.423
"710" 601810 6743780 2302.315
"711" 602290 6745040 2479.854
"712" 603190 6745010 2731.824
"713" 603130 6744200 2526.055
"714" 602170 6744950 2458.298
"715" 602350 6743630 2274.121
"716" 601780 6744200 2400.957
"717" 600700 6745130 2656.548
"718" 602290 6742760 2117.338
"719" 601630 6744170 2401.006
"720" 602560 6743960 2307.542
"721" 601960 6744410 2424.861
"722" 602290 6744200 2365.723
"723" 601480 6746120 2687.883
"724" 602020 6744350 2409.349
"725" 600970 6744860 2655.93
"726" 601180 6745880 2629.382
"727" 602620 6744230 2351.575
"728" 602260 6743570 2268.678
"729" 601090 6745520 2586.011
"730" 602050 6743870 2294.286
"731" 601120 6744920 2603.894
"732" 602230 6743360 2235.755
"733" 602080 6744320 2394.023
"734" 601240 6743960 2405.35
"735" 600640 6744500 2748.448
"736" 601780 6743630 2283.929
"737" 600370 6744920 2736.187
"738" 601240 6745550 2576.884
"739" 601150 6745550 2582.535
"740" 601870 6743810 2307.041
"741" 601930 6745190 2519.073
"742" 601270 6745430 2572.88
"743" 602980 6743810 2417.034
"744" 600940 6745160 2633.901
"745" 601750 6743690 2291.051
"746" 600220 6745100 2771.91
"747" 600280 6744710 2770.958
"748" 602050 6744620 2444.277
"749" 601180 6745310 2567.213
"750" 600700 6743870 2640.182
"751" 601660 6744110 2383.821
"752" 602770 6743630 2312.511
"753" 601750 6745460 2551.028
"754" 600790 6743840 2592.17
"755" 600400 6744650 2771.672
"756" 600610 6745130 2669.709
"757" 600850 6744950 2662.092
"758" 601270 6743870 2403.585
"759" 602350 6743750 2289.95
"760" 603100 6744290 2542.307
"761" 601480 6744740 2495.192
"762" 601150 6745640 2591.62
"763" 600400 6744380 2808.337
"764" 599920 6744620 2942.111
"765" 601810 6744410 2434.013
"766" 600220 6744800 2770.893
"767" 602980 6744170 2505.418
"768" 601390 6743930 2371.799
"769" 602530 6744080 2326.364
"770" 601090 6745070 2602.339
"771" 601570 6745940 2698.257
"772" 601120 6745460 2579.529
"773" 601840 6743570 2272.637
"774" 601120 6745340 2574.138
"775" 602320 6742520 2081.471
"776" 602980 6744080 2477.7
"777" 601360 6745700 2597.849
"778" 600190 6745070 2787.292
"779" 601810 6743270 2243.842
"780" 602950 6744050 2471.992
"781" 602620 6744170 2342.798
"782" 603040 6744950 2717.396
"783" 602470 6743810 2289.367
"784" 600430 6745160 2686.624
"785" 601630 6743780 2314.563
"786" 601300 6745820 2620.556
"787" 601030 6743720 2507.934
"788" 601540 6745340 2551.216
"789" 601990 6744650 2458.835
"790" 600460 6744800 2732.415
"791" 601750 6744740 2472.194
"792" 601630 6745010 2533.027
"793" 601450 6743990 2367.612
"794" 600100 6744980 2827.924
"795" 602140 6744110 2339.087
"796" 601030 6745010 2624.199
"797" 600940 6743810 2500.912
"798" 602140 6743780 2293.716
"799" 601120 6745700 2608.958
"800" 601450 6745400 2557.475
"801" 601810 6743480 2264.939
"802" 602380 6742550 2099.389
"803" 600880 6743750 2567.717
"804" 600760 6745340 2656.061
"805" 602200 6743540 2262.56
"806" 601870 6743120 2193.845
"807" 601390 6745550 2563.025
"808" 601870 6744560 2456.619
"809" 602350 6743960 2315.393
"810" 600010 6744620 2929.398
"811" 601600 6744230 2415.818
"812" 600550 6743960 2735.465
"813" 602350 6744680 2420.434
"814" 602230 6743180 2194.17
"815" 601720 6744260 2410.525
"816" 602110 6742730 2125.368
"817" 603160 6744470 2589.622
"818" 600280 6744380 2850.443
"819" 602560 6743270 2212.747
"820" 601870 6744230 2402.241
"821" 602320 6744740 2429.394
"822" 602110 6743300 2215.347
"823" 602380 6744200 2355.847
"824" 601870 6744410 2430.033
"825" 601690 6744590 2451.429
"826" 603100 6744860 2695.905
"827" 602140 6743240 2204.339
"828" 600760 6743990 2551.312
"829" 601450 6744860 2530.883
"830" 602260 6743420 2249.93
"831" 602260 6744500 2406.019
"832" 602470 6744380 2377.839
"833" 601570 6744290 2425.478
"834" 602170 6744740 2445.5
"835" 602890 6745070 2738.239
"836" 601870 6743630 2275.32
"837" 602140 6743720 2286.978
"838" 602650 6743510 2268.822
"839" 602110 6743600 2266.624
"840" 601690 6744470 2449.299
"841" 601060 6744020 2443.752
"842" 601810 6745970 2858.576
"843" 601900 6744740 2470.027
"844" 602110 6744260 2372.825
"845" 602350 6743270 2224.398
"846" 602050 6744800 2461.449
"847" 601630 6744020 2362.018
"848" 600580 6745310 2671.533
"849" 601600 6743960 2346.294
"850" 602050 6745190 2511.428
"851" 602110 6744020 2333.47
"852" 602290 6743810 2294.315
"853" 601420 6746090 2664.569
"854" 602260 6744560 2413.347
"855" 601810 6744590 2457.939
"856" 602770 6743720 2336.973
"857" 601420 6744320 2454.076
"858" 603130 6744920 2706.229
"859" 601510 6744800 2508.465
"860" 600970 6744050 2467.703
"861" 602170 6744410 2397.672
"862" 601270 6746030 2653.041
"863" 602230 6742820 2126.322
"864" 601840 6743330 2239.508
"865" 601930 6745100 2509.335
"866" 601900 6744470 2440.039
"867" 600190 6744500 2846.62
"868" 602590 6743570 2265.051
"869" 600700 6745040 2676.433
"870" 601060 6743660 2545.491
"871" 600760 6744620 2721.613
"872" 603190 6744920 2710.03
"873" 601150 6743780 2433.991
"874" 601090 6744860 2628.481
"875" 603070 6745070 2754.664
"876" 601720 6745040 2524.265
"877" 600880 6744620 2722.606
"878" 600610 6743780 2759.005
"879" 600820 6745400 2644.078
"880" 602140 6743870 2304.502
"881" 601780 6745040 2517.653
"882" 601390 6743810 2374.8
"883" 602170 6743630 2275.41
"884" 601840 6744650 2461.689
"885" 603280 6744230 2542.915
"886" 602290 6742610 2100.03
"887" 601690 6743600 2289.839
"888" 602890 6743900 2430.753
"889" 601150 6743870 2422.797
"890" 601990 6742880 2145.237
"891" 600460 6745100 2693.72
"892" 601270 6745640 2588.367
"893" 602140 6744890 2457.8
"894" 600190 6744560 2831.046
"895" 601300 6743720 2420.459
"896" 602200 6742580 2086.283
"897" 600460 6743900 2850.687
"898" 601300 6744860 2540.73
"899" 600730 6745250 2654.881
"900" 602560 6744230 2350.294
"901" 600790 6744680 2704.892
"902" 601870 6743150 2201.061
"903" 600190 6744890 2771.846
"904" 600250 6744650 2791.447
"905" 602110 6745220 2510.151
"906" 601360 6744860 2539.024
"907" 601960 6744950 2475.871
"908" 602080 6745130 2499.824
"909" 602200 6743090 2172.032
"910" 600880 6743960 2496.099
"911" 600760 6745070 2658.245
"912" 600880 6744140 2497.57
"913" 602410 6743510 2257.598
"914" 602320 6744950 2467.922
"915" 600250 6744320 2891.358
"916" 600310 6744890 2740.905
"917" 601000 6745280 2608.899
"918" 600940 6743720 2567.15
"919" 601450 6744260 2428.202
"920" 602140 6744170 2346.582
"921" 600220 6744410 2862.732
"922" 602110 6744980 2463.336
"923" 602470 6744650 2415.565
"924" 602200 6744650 2425.6
"925" 602620 6743900 2300.718
"926" 603130 6743990 2483.117
"927" 601840 6744320 2418.034
"928" 602500 6743750 2281.415
"929" 601360 6745040 2553.548
"930" 602080 6744920 2459.793
"931" 600280 6744320 2876.585
"932" 601180 6743570 2557.924
"933" 601570 6745160 2544.802
"934" 600790 6745010 2664.298
"935" 601600 6745280 2545.228
"936" 603280 6744470 2592.009
"937" 601390 6745370 2564.704
"938" 603040 6744200 2519.813
"939" 601330 6745760 2610.652
"940" 600250 6744590 2806.728
"941" 601630 6745850 2731.854
"942" 602170 6743480 2251.336
"943" 600850 6743840 2553.028
"944" 603160 6744140 2511
"945" 601540 6743990 2357.915
"946" 601390 6744560 2474.861
"947" 600640 6744830 2696.688
"948" 601060 6745310 2583.497
"949" 600550 6745250 2671.935
"950" 601300 6745040 2554.879
"951" 602560 6743510 2252.871
"952" 601840 6744710 2463.118
"953" 602140 6744800 2452.482
"954" 601060 6743870 2442.785
"955" 601870 6745400 2517.178
"956" 600580 6744980 2704.915
"957" 600640 6744590 2742.171
"958" 601600 6743690 2305.858
"959" 601810 6744860 2492.465
"960" 602140 6742460 2058.867
"961" 600610 6745370 2662.56
"962" 602110 6742580 2089.075
"963" 600970 6745400 2609.054
"964" 601090 6745610 2593.754
"965" 602650 6743600 2278.346
"966" 601540 6744890 2525.628
"967" 602410 6744260 2367.394
"968" 602470 6743420 2246.595
"969" 600730 6744710 2699.804
"970" 600730 6743930 2592.055
"971" 602110 6743660 2278.113
"972" 602380 6744770 2431.285
"973" 600700 6743720 2746.17
"974" 601000 6745100 2624.942
"975" 603010 6743870 2443.532
"976" 603130 6744560 2623.066
"977" 602770 6744890 2633.838
"978" 601990 6743600 2261.806
"979" 602380 6743690 2282.674
"980" 603280 6744410 2567.987
"981" 601450 6745550 2557.374
"982" 603160 6744050 2491.721
"983" 600880 6745010 2652.109
"984" 603070 6743930 2463.564
"985" 601510 6746030 2681.426
"986" 601030 6745520 2596.309
"987" 600190 6744260 2942.451
"988" 602980 6744470 2594.854
"989" 601240 6745190 2560.231
"990" 602980 6744680 2651.777
"991" 602110 6742340 2033.92
"992" 602290 6743720 2283.546
"993" 602920 6745070 2741.856
"994" 601540 6746090 2708.451
"995" 600970 6743900 2465.151
"996" 602350 6742820 2125.125
"997" 602260 6743480 2260.1
"998" 601450 6743750 2358.725
"999" 603250 6744860 2705.417
"1000" 602890 6745010 2714.17
"1001" 600040 6744560 2900.702
"1002" 601240 6745100 2557.285
"1003" 602320 6744260 2375.617
"1004" 602380 6743420 2251.097
"1005" 601240 6745010 2555.787
"1006" 601090 6743570 2601.785
"1007" 601870 6744830 2478.416
"1008" 602170 6742760 2122.14
"1009" 600430 6744920 2730.97
"1010" 602530 6743450 2244.569
"1011" 603010 6744290 2547.046
"1012" 601660 6745910 2755.039
"1013" 601240 6744920 2552.867
"1014" 602140 6742400 2047.253
"1015" 601540 6745430 2550.629
"1016" 601750 6744980 2517.651
"1017" 603220 6744320 2543.729
"1018" 601990 6744500 2435.723
"1019" 602050 6745280 2510.999
"1020" 601990 6745250 2515.836
"1021" 602110 6742970 2165.114
"1022" 602950 6744860 2682.125
"1023" 601450 6743840 2358.206
"1024" 602410 6743570 2265.871
"1025" 600610 6744650 2738.719
"1026" 600010 6744470 2907.53
"1027" 601330 6746000 2646.001
"1028" 601120 6745130 2582.12
"1029" 601390 6744470 2476.39
"1030" 602230 6745010 2463.828
"1031" 601690 6744110 2382.722
"1032" 601870 6745010 2501.461
"1033" 601420 6745760 2618.445
"1034" 601930 6743870 2311.394
"1035" 600910 6743870 2499.431
"1036" 603160 6744650 2653.503
"1037" 600580 6744770 2717.594
"1038" 601180 6743930 2414.163
"1039" 601270 6745730 2605.383
"1040" 602110 6744740 2452.209
"1041" 600670 6745190 2657.398
"1042" 602080 6744230 2368.957
"1043" 601930 6745370 2515.508
"1044" 602200 6742970 2157.424
"1045" 603280 6744590 2638.435
"1046" 601720 6745220 2531.201
"1047" 601540 6744440 2445.116
"1048" 600640 6745070 2678.568
"1049" 601180 6744950 2572.734
"1050" 601390 6744800 2521.403
"1051" 601930 6744890 2474.904
"1052" 600820 6744590 2726.367
"1053" 601630 6745340 2543.807
"1054" 600880 6745460 2630.885
"1055" 602230 6742640 2096.7
"1056" 601510 6745550 2552.63
"1057" 600700 6744650 2715.991
"1058" 601990 6743840 2295.865
"1059" 601930 6745280 2519.027
"1060" 602830 6743660 2336.435
"1061" 602200 6744050 2326.655
"1062" 602320 6743450 2255.691
"1063" 601330 6743990 2381.841
"1064" 602290 6742700 2108.684
"1065" 602260 6744950 2461.726
"1066" 601750 6745400 2533.594
"1067" 601750 6744320 2416.428
"1068" 600610 6744890 2701.979
"1069" 602350 6744410 2392.385
"1070" 603190 6744530 2613.28
"1071" 602980 6744920 2702.968
"1072" 601750 6744620 2450.301
"1073" 602290 6743120 2181.242
"1074" 602170 6745040 2466.161
"1075" 601300 6743930 2393.657
"1076" 601660 6744530 2455.889
"1077" 602080 6742520 2077.31
"1078" 601720 6743450 2280.933
"1079" 601660 6744380 2430.945
"1080" 601330 6745250 2565.617
"1081" 601750 6744140 2389.93
"1082" 601210 6745700 2601.282
"1083" 602410 6744530 2401.069
"1084" 600940 6745460 2616.694
"1085" 601660 6744740 2483.942
"1086" 602440 6743630 2274.717
"1087" 601690 6743990 2350.946
"1088" 600670 6744770 2695.412
"1089" 601510 6744140 2388.993
"1090" 602530 6744170 2340.933
"1091" 601180 6745490 2578.372
"1092" 601150 6745190 2566.467
"1093" 601240 6743780 2415.722
"1094" 600610 6743900 2707.748
"1095" 601570 6745490 2542.597
"1096" 601000 6743810 2463.654
"1097" 600730 6744950 2684.129
"1098" 602260 6743630 2274.091
"1099" 601480 6744380 2439.375
"1100" 600460 6744710 2751.162
"1101" 601720 6743780 2305.644
"1102" 601990 6745160 2511.284
"1103" 600940 6744830 2666.997
"1104" 602410 6743030 2160.249
"1105" 600940 6744650 2718.628
"1106" 602230 6744800 2445.412
"1107" 602170 6745160 2496.821
"1108" 602230 6744170 2353.884
"1109" 602320 6743900 2302.624
"1110" 602140 6745100 2484.254
"1111" 601330 6744950 2551.826
"1112" 602560 6743720 2271.695
"1113" 601750 6745310 2532.546
"1114" 601600 6745400 2546.29
"1115" 600820 6744830 2670.662
"1116" 601060 6745670 2620.054
"1117" 602410 6743780 2289.47
"1118" 602140 6745160 2498.517
"1119" 602230 6744710 2434.44
"1120" 600100 6744590 2864.653
"1121" 603040 6744890 2696.226
"1122" 600760 6744560 2728.569
"1123" 602380 6743090 2179.698
"1124" 602050 6744710 2458.61
"1125" 603100 6744770 2678.091
"1126" 600340 6744830 2740.825
"1127" 602200 6744860 2451.861
"1128" 602470 6743180 2212.212
"1129" 601450 6745910 2652.122
"1130" 600460 6745220 2678.938
"1131" 600910 6745370 2625.51
"1132" 600910 6743600 2687.267
"1133" 601480 6743930 2357.539
"1134" 602830 6745220 2795.177
"1135" 601720 6745850 2788.095
"1136" 600670 6745310 2661.345
"1137" 602200 6742880 2143.361
"1138" 602980 6743960 2456.491
"1139" 602800 6745040 2704.655
"1140" 602020 6743990 2334.831
"1141" 601900 6743300 2220.194
"1142" 602200 6744590 2417.373
"1143" 601450 6746000 2661.417
"1144" 602890 6743990 2448.185
"1145" 602620 6743990 2314.992
"1146" 602050 6743420 2241.355
"1147" 600700 6744530 2735.477
"1148" 602020 6742970 2168.882
"1149" 602080 6743810 2292.959
"1150" 601210 6745610 2585.856
"1151" 600940 6743990 2471.585
"1152" 601450 6744770 2506.927
"1153" 601660 6743750 2305.957
"1154" 602020 6742460 2066.593
"1155" 600670 6745400 2657.102
"1156" 601810 6744500 2449.076
"1157" 601780 6743330 2260.79
"1158" 602800 6744800 2618.072
"1159" 603010 6745040 2742.385
"1160" 601420 6744920 2544.541
"1161" 601660 6745070 2531.446
"1162" 602290 6744050 2326.341
"1163" 602590 6743660 2270.782
"1164" 600940 6743780 2520.618
"1165" 602200 6744500 2405.253
"1166" 600130 6744920 2799.539
"1167" 600580 6744560 2763.68
"1168" 602920 6743750 2380.699
"1169" 600640 6744710 2714.963
"1170" 602050 6743330 2222.464
"1171" 601420 6745640 2582.379
"1172" 601630 6743600 2299.082
"1173" 601540 6745250 2551.691
"1174" 602080 6742250 2014.356
"1175" 603280 6744320 2546.205
"1176" 601750 6744530 2452.95
"1177" 600250 6744830 2757.695
"1178" 601570 6745070 2541.922
"1179" 602410 6744620 2411.168
"1180" 601990 6742250 2008.554
"1181" 601870 6743720 2288.941
"1182" 603160 6744320 2544.969
"1183" 601180 6745100 2564.407
"1184" 602140 6743120 2183.374
"1185" 602560 6744140 2333.631
"1186" 601690 6743510 2290.586
"1187" 601030 6744920 2631.482
"1188" 600190 6744650 2807.756
"1189" 601510 6744230 2417.129
"1190" 600550 6744620 2763.976
"1191" 602440 6743930 2309.542
"1192" 601900 6743390 2237.668
"1193" 602200 6743270 2211.665
"1194" 602140 6743180 2192.801
"1195" 601900 6743210 2209.893
"1196" 602050 6743930 2311.495
"1197" 602200 6743840 2302.598
"1198" 601030 6744830 2663.964
"1199" 600520 6745160 2674.165
"1200" 602080 6744410 2409.858
"1201" 602350 6743150 2196.259
"1202" 602290 6744620 2419.753
"1203" 601780 6745250 2528.353
"1204" 602710 6743570 2289.439
"1205" 601930 6744530 2447.822
"1206" 600130 6744530 2861.679
"1207" 603220 6744590 2634.765
"1208" 602410 6744350 2379.867
"1209" 603070 6744680 2656.415
"1210" 602080 6743480 2250.866
"1211" 602140 6743540 2259.067
"1212" 600730 6744860 2684.322
"1213" 600250 6744470 2832.352
"1214" 603070 6744470 2592.725
"1215" 600970 6744710 2713.051
"1216" 600490 6744620 2770.74
"1217" 602320 6743000 2147.477
"1218" 601030 6745160 2612.992
"1219" 601600 6746030 2712.548
"1220" 601480 6744050 2368.542
"1221" 601390 6745850 2633.472
"1222" 601810 6744770 2473.081
"1223" 602530 6744440 2379.755
"1224" 601300 6745190 2560.731
"1225" 600640 6743930 2654.499
"1226" 600220 6744980 2761.599
"1227" 601750 6743540 2279.889
"1228" 601690 6744800 2494.782
"1229" 601660 6745460 2542.322
"1230" 601990 6744590 2448.875
"1231" 601360 6744620 2507.5
"1232" 603070 6744110 2499.122
"1233" 602170 6743330 2224.559
"1234" 602320 6743360 2241.043
"1235" 602410 6743150 2202.539
"1236" 600790 6744920 2673.976
"1237" 601210 6743690 2458.615
"1238" 601150 6743510 2616.343
"1239" 603160 6744740 2679.709
"1240" 603040 6744740 2672.61
"1241" 601930 6743570 2264.122
"1242" 601120 6743690 2482.419
"1243" 601810 6745430 2535.645
"1244" 600760 6744800 2679.38
"1245" 602080 6744860 2457.511
"1246" 601360 6743870 2380.808
"1247" 601600 6744470 2450.822
"1248" 601570 6744080 2380.421
"1249" 603220 6744170 2518.187
"1250" 603130 6744740 2678.685
"1251" 603310 6744230 2556.576
"1252" 602950 6744920 2702.453
"1253" 602710 6745100 2693.97
"1254" 602770 6743510 2307.722
"1255" 603010 6745130 2785.934
"1256" 602980 6744140 2494.145
"1257" 603130 6745130 2776.832
"1258" 603010 6744260 2537.725
"1259" 602860 6744800 2643.489
"1260" 602950 6743750 2386.69
"1263" 603010 6744110 2489.696
"1264" 602980 6744350 2564.465
"1266" 603160 6744770 2680.935
"1267" 602920 6743720 2374.174
"1270" 603010 6744710 2657.549
"1271" 603160 6744080 2495.473
"1272" 602710 6743660 2300.875
"1273" 603160 6744020 2489.622
"1276" 603010 6744920 2705.423
"1277" 603160 6744560 2622.954
"1278" 602770 6744980 2670.315
"1279" 603010 6744860 2689.898
"1280" 603130 6745100 2763.429
"1281" 603310 6744350 2554.618
"1282" 603130 6744470 2590.425
"1283" 602740 6743480 2299.826
"1284" 602920 6744440 2574.739
"1285" 603190 6744110 2502.536
"1286" 603040 6745070 2755.715
"1287" 603160 6745070 2753.867
"1288" 603010 6744170 2508.517
"1289" 602950 6744950 2711.334
"1290" 603250 6744830 2698.9
"1291" 602770 6744830 2614.207
"1292" 602710 6744980 2648.753
"1294" 603130 6744800 2684.993
"1296" 603100 6743960 2474.065
"1297" 603100 6744260 2537.017
"1298" 603070 6744740 2674.205
"1299" 602890 6743750 2374.995
"1300" 603130 6744380 2559.573
"1302" 603100 6744410 2569.474
"1303" 603010 6743840 2437.712
"1304" 602980 6744650 2646.014
"1305" 603040 6745010 2731.13
"1306" 603250 6744140 2516.366
"1307" 603070 6743990 2474.883
"1309" 602770 6744920 2644.467
"1311" 602830 6743930 2423.339
"1312" 603220 6744890 2708.837
"1313" 603100 6744950 2717.299
"1314" 602800 6745160 2757.202
"1315" 602920 6744020 2461.641
"1316" 602830 6744830 2640.424
"1317" 602800 6743630 2321.94
"1318" 602950 6745220 2818.665
"1319" 602740 6745160 2733.375
"1320" 602800 6743690 2334.511
"1322" 603220 6744230 2531.023
"1323" 603040 6743960 2463.147
"1325" 603130 6744620 2643.176
"1326" 602770 6745190 2760.72
"1328" 603100 6744170 2519.281
"1329" 602860 6745040 2718.147
"1330" 602800 6743570 2316.307
"1331" 603220 6744350 2549.52
"1332" 602770 6743750 2349.917
"1334" 603220 6744500 2602.454
"1335" 602770 6745130 2732.435
"1337" 603190 6744740 2679.684
"1338" 602890 6744800 2654.072
"1339" 602920 6744890 2683.815
"1340" 602950 6744620 2638.137
"1341" 603310 6744410 2572.611
"1342" 602860 6744950 2688.488
"1343" 602830 6744770 2623.879
"1344" 603190 6744200 2524.684
"1345" 602740 6744920 2631.576
"1346" 603040 6744350 2557.044
"1348" 602710 6743630 2296.341
"1349" 602710 6743510 2286.689
"1350" 602830 6743690 2342.898
"1351" 603310 6744380 2560.715
"1352" 602800 6745190 2771.516
"1353" 602680 6745070 2667.762
"1354" 603010 6744500 2605.799
"1356" 603100 6744230 2531.39
"1358" 602920 6743870 2426.594
"1359" 603130 6744110 2502.919
"1360" 603010 6744770 2673.744
"1361" 603280 6744800 2691.435
"1362" 602950 6745040 2738.3
"1363" 602890 6745280 2836.615
"1364" 602950 6743930 2445.188
"1365" 603070 6744980 2724.342
"1366" 603040 6744470 2594.338
"1367" 603070 6744380 2559.863
"1368" 602740 6745130 2720.572
"1369" 603130 6744050 2490.541
"1370" 603250 6744920 2712.334
"1371" 603100 6744560 2623.128
"1372" 602800 6745220 2786.213
"1375" 602950 6745160 2791.249
"1376" 603100 6744080 2494.843
"1377" 602890 6745220 2808.314
"1378" 603160 6744410 2568.432
"1379" 603070 6745100 2767.616
"1383" 603100 6744710 2664.94
"1384" 603070 6744860 2692.253
"1385" 602740 6743660 2310.632
"1387" 603070 6744920 2703.939
"1388" 603220 6744410 2567.191
"1389" 602890 6744860 2667.712
"1390" 603010 6743810 2431.152
"1393" 603040 6744830 2684.715
"1394" 603190 6744980 2721.657
"1395" 603190 6744440 2578.596
"1396" 602980 6744290 2548.619
"1397" 603010 6744620 2641.307
"1398" 602950 6743990 2458.09
"1399" 602800 6744950 2667.605
"1401" 602830 6745250 2810.191
"1402" 602890 6743930 2436.05
"1403" 603100 6744830 2689.098
"1404" 602950 6745250 2832.861
"1406" 603160 6744230 2530.51
"1407" 602800 6744980 2682.332
"1408" 603220 6744980 2720.286
"1409" 602920 6743780 2390.475
"1411" 602920 6744980 2715.425
"1412" 602740 6743540 2296.654
"1413" 603010 6745100 2769.031
"1414" 603160 6744350 2551.409
"1415" 602950 6743810 2407.491
"1416" 602830 6745010 2700.841
"1417" 602920 6743690 2371.486
"1418" 602920 6743900 2434.147
"1419" 602740 6744980 2659.414
"1421" 602980 6744590 2632.914
"1423" 603280 6744170 2536.517
"1424" 603160 6744950 2715.282
"1425" 603250 6744620 2644.827
"1426" 603100 6744590 2634.1
"1427" 602800 6743720 2344.618
"1428" 603280 6744710 2670.943
"1429" 603280 6744260 2545.493
"1430" 602800 6745100 2729.257
"1431" 603190 6744140 2510.228
"1432" 602830 6745130 2752.802
"1433" 602920 6744950 2704.855
"1434" 602860 6745250 2815.856
"1436" 602860 6744890 2666.666
"1437" 603220 6745010 2729.815
"1438" 602770 6744950 2657.37
"1439" 603280 6744440 2579.705
"1440" 603010 6744440 2585.204
"1441" 602860 6743780 2380.377
"1442" 603040 6744650 2648.176
"1443" 603160 6744290 2540.557
"1444" 603070 6744260 2537.326
"1445" 603070 6744800 2684.133
"1446" 602770 6743540 2305.996
"1447" 603040 6744170 2513.502
"1448" 603100 6744470 2591.517
"1449" 603190 6744080 2497.263
"1450" 603190 6744380 2558.369
"1452" 602770 6743690 2326.731
"1453" 602830 6744920 2667.892
"1454" 602830 6745070 2725.494
"1455" 603160 6744170 2519.827
"1458" 603010 6744980 2723.771
"1459" 602950 6744170 2502.401
"1460" 602860 6745190 2788.367
"1461" 602950 6744260 2537.885
"1462" 603010 6743930 2453.557
"1463" 602860 6745100 2744.2
"1464" 602950 6744320 2558.4
"1465" 603100 6744320 2546.628
"1467" 602950 6743840 2418.534
"1469" 603130 6744320 2545.686
"1471" 603280 6744350 2550.215
"1472" 602980 6744800 2674.793
"1473" 602920 6745280 2843.289
"1474" 603160 6745010 2733.933
"1475" 603280 6744650 2653.829
"1476" 602770 6743600 2308.525
"1477" 603010 6744680 2654.172
"1478" 603040 6744530 2615.18
"1480" 603040 6744710 2659.399
"1481" 602980 6745070 2751.457
"1482" 603070 6744440 2581.663
"1484" 602920 6745190 2800.691
"1486" 602980 6745160 2797.428
"1487" 603160 6744500 2601.288
"1488" 603040 6744080 2488.347
"1489" 602770 6744860 2623.496
"1490" 603070 6744530 2613.671
"1491" 603040 6744410 2572.86
"1492" 603040 6744230 2527.783
"1493" 603100 6744020 2483.896
"1494" 602980 6744890 2693.665
"1495" 602980 6743780 2404.421
"1496" 602980 6744230 2527.584
"1498" 603010 6744380 2567.323
"1499" 602950 6744830 2674.359
"1500" 603130 6745040 2743.149
"1501" 602680 6743450 2276.512
"1502" 602890 6745130 2764.856
"1503" 602950 6745130 2775.566
"1504" 602980 6745220 2825.749
"1505" 603280 6744140 2531.682
"1506" 602770 6745010 2682.711
"1507" 603280 6744860 2706.412
"1508" 603280 6744740 2679.047
"1509" 603220 6744650 2654.95
"1510" 603040 6744290 2545.587
"1511" 603250 6744200 2529.755
"1512" 602680 6743510 2278.013
"1513" 603130 6744530 2613.524
"1514" 602920 6744080 2479.18
"1515" 602860 6743840 2405.385
"1517" 603250 6744440 2578.478
"1518" 602830 6744860 2649.372
"1519" 603220 6744260 2535.475
"1520" 603220 6744710 2673.161
"1521" 603250 6744290 2541.128
"1522" 603190 6744620 2644.839
"1523" 602890 6743660 2355.405
"1524" 603190 6745100 2766.778
"1529" 603160 6744860 2700.023
"1530" 602860 6743660 2344.399
"1531" 602980 6744740 2665.346
"1532" 602860 6743600 2337.462
"1533" 602920 6744590 2624.778
"1534" 602890 6744980 2706.44
"1535" 603250 6744080 2506.719
"1536" 603040 6743900 2454.339
"1537" 603070 6745040 2743.899
"1539" 602950 6744680 2649.895
"1540" 603250 6744530 2616.015
"1541" 602710 6744950 2631.814
"1542" 602860 6743990 2439.476
"1543" 602950 6744200 2515.845
"1545" 602830 6743810 2387.332
"1546" 602920 6743960 2448.805
"1547" 603010 6744560 2624.951
"1548" 602860 6744830 2650.869
"1549" 603190 6744260 2534.468
"1550" 602800 6743780 2368.216
"1551" 602920 6744410 2566.574
"1552" 602800 6744830 2627.197
"1553" 603250 6744380 2557.231
"1554" 603190 6744320 2543.95
"1556" 603130 6744680 2661.168
"1557" 602770 6745070 2707.147
"1558" 602980 6744950 2713.718
"1559" 602740 6743720 2326.776
"1560" 602980 6743870 2434.801
"1562" 602950 6744710 2654.735
"1563" 603250 6744470 2590.928
"1564" 602710 6745010 2663.152
"1567" 602830 6743870 2411.599
"1568" 603010 6744050 2476.886
"1569" 603040 6744140 2504.385
"1571" 603220 6744860 2704.197
"1572" 603070 6744200 2524.454
"1573" 603130 6744860 2697.471
"1574" 602920 6744770 2658.4
"1575" 603190 6744020 2494.863
"1576" 602890 6743870 2420.94
"1577" 603070 6744560 2623.555
"1578" 602710 6745070 2683.205
"1580" 602980 6745010 2727.07
"1581" 602740 6744890 2618.617
"1582" 602860 6743960 2434.645
"1583" 603190 6744470 2589.784
"1584" 603010 6744200 2516.431
"1585" 602740 6745070 2696.249
"1586" 603010 6743990 2466.111
"1589" 602920 6745100 2755.613
"1591" 602830 6745160 2766.52
"1592" 602680 6745040 2659.972
"1593" 603160 6744800 2687.506
"1594" 602980 6744020 2468.559
"1595" 602890 6745040 2725.552
"1596" 602980 6745190 2813.092
"1597" 603130 6744440 2579.593
"1598" 603280 6744500 2605.6
"1599" 603190 6745040 2742.068
"1600" 602740 6745040 2684.869
"1601" 602770 6743660 2319.134
"1602" 602890 6743810 2397.448
"1604" 603160 6744590 2633.116
"1605" 603220 6744560 2625.231
"1607" 603130 6744980 2725.194
"1608" 603070 6744500 2603.591
"1609" 603100 6744140 2510.38
"1611" 602920 6744530 2610.169
"1612" 602980 6744410 2576.596
"1613" 602950 6744110 2481.309
"1614" 603160 6744710 2672.705
"1615" 603310 6744500 2607.808
"1617" 603160 6744890 2705.792
"1618" 603100 6745070 2755.858
"1621" 603220 6744110 2503.452
"1623" 603220 6744770 2684.228
"1624" 603100 6744890 2699.783
"1625" 602890 6744020 2454.629
"1626" 603100 6744500 2602.474
"1627" 603190 6744680 2663.384
"1628" 603040 6744020 2476.599
"1629" 603100 6744650 2649.923
"1630" 603220 6744800 2691.138
"1631" 603310 6744290 2553.677
"1632" 603220 6744050 2500.215
"1633" 603040 6744590 2632.63
"1634" 602860 6743720 2358.933
"1635" 603040 6744770 2677.51
"1636" 603100 6744350 2552.655
"1637" 602950 6745010 2726.437
"1638" 602950 6744440 2582.635
"1639" 602740 6743600 2300.094
"1640" 603130 6744260 2535.749
"1641" 603310 6744470 2593.327
"1642" 602980 6744530 2614.969
"1643" 603070 6744320 2548.489
"1644" 602920 6744830 2667.062
"1645" 603280 6744890 2712.594
"1646" 603280 6744560 2629.962
"1648" 602950 6744500 2603.32
"1653" 602860 6743630 2339.754
"1657" 602920 6744050 2469.768
"1658" 602950 6743780 2395.859
"1664" 602890 6743780 2385.804
"1666" 602830 6743780 2374.489
"1671" 602920 6743930 2442.282
"1672" 602860 6743690 2350.887
"1678" 602800 6743750 2356.227
"1691" 602860 6743750 2368.942
"1693" 602830 6743720 2352.111
"1696" 602830 6743840 2401
"1698" 602920 6743990 2455.414
"1699" 600160 6744320 2919.66
"1700" 600130 6744260 2938.582
"1701" 600220 6744500 2835.43
"1702" 600130 6744560 2853.825
"1703" 600100 6744560 2869.398
"1704" 600160 6744530 2849.818
"1705" 600190 6744410 2873.696
"1706" 600250 6744410 2852.475
"1707" 600070 6744470 2895.619
"1708" 600280 6744440 2831.158
"1712" 600310 6744320 2857.578
"1713" 600100 6744320 2922.529
"1714" 600100 6744290 2932.595
"1716" 599950 6744530 2907.5
"1718" 600160 6744380 2894.695
"1719" 599920 6744560 2899.249
"1721" 600130 6744350 2911.39
"1722" 600250 6744260 2925.66
"1724" 600220 6744380 2875.043
"1725" 600280 6744350 2862.143
"1726" 600250 6744350 2875.993
"1727" 600130 6744500 2867.998
"1728" 600280 6744290 2893.089
"1729" 600040 6744440 2903.967
"1730" 600370 6744350 2823.952
"1731" 600190 6744290 2928.371
"1732" 600070 6744410 2902.823
"1733" 600100 6744530 2875.075
"1734" 600250 6744290 2908.275
"1735" 600040 6744380 2910.348
"1736" 600010 6744530 2906.052
"1737" 600310 6744410 2828.51
"1738" 600070 6744590 2885.156
"1739" 600040 6744500 2899.069
"1740" 600190 6744230 2955.071
"1741" 600220 6744320 2903.72
"1742" 600190 6744440 2863.322
"1743" 600160 6744560 2841.785
"1744" 599980 6744560 2915.271
"1745" 599980 6744590 2926.671
"1746" 600220 6744440 2849.52
"1747" 600160 6744260 2941.795
"1748" 599920 6744590 2919.542
"1749" 600160 6744410 2883.748
"1750" 600310 6744350 2846.646
"1751" 600430 6744350 2801.087
"1754" 599980 6744620 2941.686
"1756" 600340 6744320 2842.929
"1757" 600010 6744410 2905.039
"1758" 600100 6744470 2884.57
"1759" 599980 6744500 2905.91
"1760" 600100 6744380 2906.358
"1761" 600160 6744470 2863.91
"1762" 600190 6744530 2838.42
"1764" 599980 6744440 2915.148
"1765" 600130 6744410 2892.597
"1766" 599950 6744500 2896.309
"1768" 600340 6744380 2823.488
"1769" 600070 6744530 2888.295
"1770" 600040 6744350 2916.422
"1771" 600040 6744620 2909.45
"1772" 600190 6744470 2852.77
