"V1" "V2" "V3" "V4"
"9033" 5.22998894967146e-05 3.34576886757696e-05 -6.19507537450046e-06 -2.77245523523748e-06
"6061" -0.000280416208459099 -0.000115811501770389 0.000154826865878048 -4.11607518255664e-05
"1142" -0.000263905875182692 -5.5082308378638e-05 4.81267725704659e-05 -1.84525616823154e-05
"3393" -4.94901872784222e-05 -2.99465748669305e-05 3.14455637738584e-05 1.57228646994582e-06
"1924" 3.32890492441874e-05 -1.73262702185269e-05 2.26884468662039e-05 -1.27345551514474e-05
"1733" 9.70579578748238e-05 0.000197126780696131 -4.71340339905116e-06 -5.45376519457692e-05
"6451" -0.000221394561672553 -6.89314729439029e-05 7.94223474639469e-05 -1.42030302022785e-05
"9024" 0.000204400723865548 -4.39337861979833e-05 -6.99335631453981e-06 -7.23272226422785e-06
"8821" -0.000112514343682197 1.55280677785831e-05 -1.11939783137001e-05 2.92581480274223e-05
"10351" -9.64465829288499e-05 2.42570378298672e-05 -1.04204712271649e-05 3.22667350129245e-05
"3882" -7.23209159787787e-05 9.56620084349457e-06 -2.57184534150788e-06 2.71668628333086e-05
"212" -0.000312563526569401 -3.40384513974487e-05 -0.000104047459421134 -9.07315869555703e-06
"11193" 0.000141459034441386 0.000233121704645528 1.011140139981e-05 -9.85656364329043e-05
"562" -0.000268202786242811 -2.65098776592876e-05 -7.21427234198992e-05 -3.57515083268106e-06
"10931" -2.57119192897704e-05 0.000106952648829164 -1.02046964821247e-05 3.89300669497464e-05
"9663" 0.000103186112226981 0.000135634248321536 -5.99354606845605e-06 -4.1500472093705e-05
"4884" 0.000122057025895222 4.46723092807435e-05 4.94985439663537e-06 -3.82815303258907e-05
"2391" -7.68382652732355e-05 0.000122240148053364 1.84327726274418e-05 9.46934370473146e-05
"6781" -0.000135157474997412 1.01085609247622e-05 -1.12391175088576e-05 2.32582580352857e-05
"6942" -4.83717228537779e-05 1.28348825439216e-05 -2.07297416387694e-06 2.2972889933044e-05
"3134" 3.68674477223349e-06 -3.79168549449848e-05 5.02263729285857e-05 -2.54836304732395e-05
"5184" 0.000120180057744159 8.88707915002784e-06 7.47484349806052e-06 -2.92454898117463e-05
"5417" 0.000307018478208125 -9.86681524596494e-05 -2.16183071765898e-05 2.26454684680064e-05
"10202" -4.20948240536786e-06 3.57989715556157e-05 -8.87429153433326e-06 1.67957547164229e-05
"1594" 0.000112885302164403 0.000109519091579614 -4.35709691477692e-06 -4.21362892036336e-05
"8761" -0.000103379087145618 2.73121320724381e-05 -1.1688671342416e-05 3.39883181548596e-05
"6253" 2.45505318708187e-05 1.7735183613713e-05 -9.44010170185553e-07 4.06611196649328e-06
"783" -0.000247363700371603 -2.1987255888487e-05 -6.02609688806478e-05 4.68849656873055e-10
"10322" -3.43122217527685e-05 4.98675832556593e-06 5.51427437561906e-06 1.68047497450078e-05
"1532" -7.28050813312997e-05 2.70631286662074e-05 -9.37343982487731e-06 3.28338712642725e-05
"10462" -7.624573802594e-05 -3.05100529750805e-05 2.99361810199112e-05 4.69070682646047e-06
"7743" 0.000120506445486888 0.000204429681046447 2.26475898518572e-06 -7.26715200302293e-05
"4902" -0.000149152113299132 -5.99246768328534e-05 7.15855418362048e-05 -8.48174337463764e-06
"8716" -4.00340506051186e-05 -5.55403795690966e-05 6.94907005451257e-05 -2.49347089353922e-05
"4716" 8.28550713382824e-05 4.93165610711314e-05 -9.39030104093859e-06 -1.40167605531881e-05
"253" -0.000306753545043585 -3.90161184235893e-05 -6.1839180156582e-05 -1.67203633428143e-05
"10323" -6.99418211188804e-05 -6.6309853623185e-05 8.57787295484875e-05 -2.58887047964197e-05
"8052" -0.000125681853189178 -5.86438190607395e-05 6.66721275998399e-05 -7.79782593098167e-06
"10616" 9.82995533163879e-05 7.81044263326717e-05 -7.62604207399264e-06 -2.65787363108639e-05
"11583" 7.19346177168838e-05 3.80618115918519e-05 -6.25252046259559e-06 -9.86603192587994e-06
"3081" -0.00022193182803098 -4.61004524191035e-05 3.93741948770062e-05 -6.23607238740645e-06
"11334" 0.000242722193531129 -6.2628991332419e-05 -1.13972359748e-05 4.8568123193553e-07
"8054" 0.000156128705545526 -1.09342481612904e-05 2.71200169441784e-06 -3.03322474391434e-05
"8143" 4.07182276595477e-05 2.41132576812076e-05 -4.148279427679e-06 3.77530809465195e-07
"10573" 0.000100453769901184 0.00011629847351919 -7.08308009646333e-06 -3.53980598074812e-05
"5315" 2.71544689485626e-07 5.6661142158867e-07 7.0628141693171e-06 5.69815943628903e-06
"290" -0.000311729190946836 -3.16037820038895e-05 -0.000112558363520183 -5.27997883440438e-06
"138" -0.000328584266330129 -4.50972984170554e-05 -6.21401339637862e-05 -2.22271052858244e-05
"4744" 0.000114209333624053 2.98406240530137e-05 4.05658346708661e-06 -2.91224726908125e-05
"6474" 0.000165095799067769 -2.41927120862769e-05 -2.1084936455733e-06 -1.59826351492833e-05
"5621" -0.000151676343233488 1.7020884558772e-06 -1.17678690574247e-05 1.7836393459888e-05
"2211" -0.000256437262050394 -6.72431289879851e-05 7.36206615751012e-05 -1.93892198433699e-05
"4454" 0.000120432606753855 6.49202770181708e-05 -2.85137683961447e-08 -4.04630518623532e-05
"2974" 6.1904350667362e-05 -4.55465886215672e-06 1.14558470398562e-05 -1.52104849102341e-05
"7901" -0.000273562110552858 -0.000117547725725154 0.000161464454551002 -4.27033047681996e-05
"809" -0.000283888628780503 -5.16926655332608e-05 3.24177451507958e-05 -2.19678837968477e-05
"1069" -0.000228434883367329 -2.20524219729134e-05 -1.82437565671808e-05 -3.12909209183521e-06
"326" -0.000296672368122298 -3.13367244850694e-05 -9.46515177046774e-05 -6.48894798804172e-06
"930" -7.77202630089102e-05 0.000171958628979132 4.2116785682623e-05 0.000145495818767939
"885" -8.8328485900655e-05 0.000157636596141811 4.46597578606517e-05 0.000153055038429705
"480" -0.000276817700927016 -2.79755025130856e-05 -7.61234380689736e-05 -5.30056489645674e-06
"7541" -0.000169373062251842 -3.09763622176136e-05 2.02924328968215e-05 5.32963553824725e-06
"10091" -0.000267564570898543 -0.000116170147471114 0.000170426689490666 -4.50916570248047e-05
"919" -0.000277785943330688 -5.27218424278809e-05 3.79925651825623e-05 -2.09369405787138e-05
"157" -0.000317852379841074 -3.85036812073251e-05 -8.87071399379466e-05 -1.46383281661431e-05
"2264" 9.87797923551216e-05 5.80407135718462e-05 -7.08203871692596e-06 -2.39509936304154e-05
"11601" -0.000243455410731987 -0.000104181006744507 0.000151369853630576 -3.5062114431373e-05
"2921" -7.75293093505662e-05 0.00011364948256351 1.66592861222581e-05 9.63204364413067e-05
"5044" 0.000119357263537133 1.30336923821638e-05 7.70657659715952e-06 -2.48809138312686e-05
"8662" -5.19248963849745e-05 -1.68353086678994e-06 5.72039796408113e-06 1.72063090500593e-05
"1744" 8.3164227660839e-05 3.08796275848756e-05 -3.28678652780421e-06 -1.42883004536927e-05
"6662" 2.48381598682259e-05 0.000108134425850347 -1.52934224738704e-05 1.28206059996075e-05
"7511" -0.000160674576144239 -2.0950110612723e-05 8.17873160876878e-06 1.06761637869021e-05
"7817" 0.000242645220734083 -6.54625186587736e-05 -1.32104014530922e-05 5.44796579979988e-06
"11492" -0.000133477838029162 -7.63491329427868e-05 0.000100189441758734 -1.99342864336922e-05
"5501" -4.90490358521124e-05 0.000125623413355127 4.26865205135335e-06 7.09635832168407e-05
"666" -0.000279012580462892 -4.0987484921328e-05 2.52589165296129e-07 -1.79608433263799e-05
"5021" -6.58689910157572e-05 0.000109656728820588 5.1567639253227e-06 6.84644061063693e-05
"10691" -0.000201051014812206 -7.73196988128804e-05 9.33808410132798e-05 -1.58445279094998e-05
"8721" -6.17354013219668e-05 7.78219867339698e-05 -9.00399055716285e-06 4.79188360463272e-05
"147" -0.000325502349445112 -3.61936736469562e-05 -0.000117585579647073 -9.34563148183229e-06
"1813" -0.000152154300946519 -4.86312133549479e-05 4.94770284805453e-05 -2.41808430593862e-06
"955" -0.000232358072692646 -2.11938507443175e-05 -3.42391558329222e-05 -1.727554708787e-06
"4854" 5.14068397580282e-05 -2.28567489148189e-05 3.69600971171563e-05 -3.10302889684849e-05
"10672" -0.000145885611461754 -8.25004786079621e-05 0.000110112986634084 -2.34412377359634e-05
"1544" 0.000118246192254199 0.000126164466561658 -2.3589054412415e-06 -5.08343820550586e-05
"11141" -9.28168062172904e-05 2.20594135069389e-05 -9.60720578496252e-06 3.19219799316065e-05
"8362" 3.17792044761473e-05 0.000103245817575157 -1.50818213705446e-05 9.16941735118317e-06
"1047" -8.28960906888624e-05 0.000150366138577555 3.6199091534187e-05 0.000132751584447552
"407" -0.000282444500787113 -3.04858157980308e-05 -7.15557255145883e-05 -8.19542079770477e-06
"233" -0.000319688680706239 -3.34016616657988e-05 -0.000117216999643646 -6.76935357631631e-06
"1222" -0.000236847469380084 -0.000100974684797213 0.00014781526165544 -3.24569546588156e-05
"7273" 7.71403131846936e-06 -4.24714236716635e-06 9.46249240241663e-06 2.9936987255456e-06
"752" -0.000272518255831255 -3.96546115829627e-05 5.55234958584826e-06 -1.69654995986988e-05
"10822" 5.69453654088386e-05 0.000125193769302638 -1.23778849650183e-05 -7.33881741207149e-06
"255" -0.000310320458425077 -4.14565840091549e-05 -5.04135036750393e-05 -1.94881360778573e-05
"2853" 8.82520401712477e-05 0.000163968543008796 -7.47568246904746e-06 -3.65469679815417e-05
"5444" 0.000319342079116334 -0.000105268007311717 -2.34287431564822e-05 2.6224003458286e-05
"9310" -0.000207388548116254 -1.40398991696098e-05 -3.12930039760581e-05 4.96127010487478e-06
"3961" -7.40617204625488e-05 0.000110569083578477 1.11561623260961e-05 8.03102813500495e-05
"73" -0.000335636754926835 -3.94190946012061e-05 -0.000115304029921285 -1.35410215677734e-05
"11804" 0.000235044322121032 -5.62691124133159e-05 -9.0553251653642e-06 -5.06269364525708e-06
"9231" -0.000236807708148634 -9.80868009007975e-05 0.000127980863217852 -3.01459509748414e-05
"9054" 0.000217235028726484 -5.1355900916291e-05 -9.12621331603711e-06 -2.85594677923869e-06
"11274" 0.000229855600312461 -5.46918398922631e-05 -9.05977800253811e-06 -4.53230805022896e-06
"842" -0.00023948888925179 -2.11429474007941e-05 -4.89295137502129e-05 -8.05311601934806e-07
"1421" -8.04885015723028e-05 0.000125313566460173 2.42542811855003e-05 0.000111972548102068
"863" -0.000271981568056344 -4.58572270408597e-05 2.21669718391672e-05 -1.79898562118414e-05
"11451" -0.000179712474533868 -6.2638574157921e-05 6.80525059248768e-05 -1.08775795627165e-05
"1344" 1.86467586968717e-05 -2.24718481343045e-05 2.74095520483128e-05 -1.32333419722422e-05
"6393" -2.81341220654134e-05 -2.64856527704679e-05 2.82700311260592e-05 -1.70158969978936e-06
"4173" 2.60080831395383e-05 3.35764438099335e-05 -8.3252119470659e-06 6.12381252082124e-06
"4064" 2.09099682971826e-05 -3.32366962093828e-05 4.71971282749077e-05 -2.73076798844755e-05
"7853" 9.78410326297853e-05 0.000138958131071839 -5.75250400907333e-06 -3.75197740054291e-05
"452" -0.00028086543680183 -3.32847223957924e-05 -4.83466508361508e-05 -1.21820148681125e-05
"11122" -2.02516378403609e-05 1.19764121847834e-05 1.10621375015225e-06 1.641345405149e-05
"6941" -0.00018077072276262 -3.8687279045073e-05 2.97945393137015e-05 2.57269143296134e-06
"9552" -5.85224443546081e-05 -1.24136230045366e-05 1.41778229005451e-05 1.33490157679948e-05
"10410" -0.000228002179459363 -3.41822554840813e-05 1.61936517612088e-05 -6.35416704415037e-06
"2010" -6.72804807320904e-05 0.000159911061701518 3.0223899570558e-05 0.000123480752833231
"4241" -0.000252818739319464 -8.06930028212414e-05 9.5637145014244e-05 -2.3016698101183e-05
"873" -8.05356652044116e-05 0.000178396901911262 4.67785153364528e-05 0.0001539159834847
"6192" -7.26016648863626e-05 -4.52182761252689e-06 6.59728701272407e-06 1.84141452759607e-05
"6016" 4.89415071861053e-05 2.26641039993053e-06 6.26462134175846e-06 -6.82662404022976e-06
"1893" 6.62943036846176e-05 0.000119472201518055 -1.13080312356475e-05 -1.20009197780839e-05
"1743" 9.1296646654054e-05 0.000180767748677187 -7.38008570966693e-06 -4.46701698370589e-05
"257" -0.000314337908766858 -4.38605268448129e-05 -3.93995348201493e-05 -2.20193068924337e-05
"7471" -0.000151042458552642 -1.1811255533929e-05 -9.00399825506342e-07 1.48227243910306e-05
"11344" 0.000254798791725846 -6.98517191323406e-05 -1.34756467331876e-05 5.17892693600803e-06
"10515" 0.000112141976698955 0.000150030300448019 -3.00971739800298e-06 -5.12130507886139e-05
"3674" 0.000120767224758387 8.68789379376192e-05 2.29729960755326e-08 -4.3022512612924e-05
"5917" 0.000291128459053985 -9.05210443610382e-05 -1.95839554230751e-05 1.84616259106745e-05
"11210" -0.000244886213719522 -5.01790099454279e-05 4.23972508933572e-05 -1.29037039416356e-05
"1063" -0.000223222234284652 -1.73913386997889e-05 -4.10052142508466e-05 2.33986188865229e-06
"551" -9.25929067927038e-05 0.000205633980011609 6.79958971881731e-05 0.000197094263707416
"6283" 1.44885357388285e-05 7.0610615505853e-06 3.824974187738e-06 4.73588164382142e-06
"3062" -6.57448902261407e-05 2.36352085840873e-05 -7.77081666126762e-06 3.01178788556366e-05
"120" -0.000326892910504291 -3.73868544602264e-05 -0.00011102730770605 -1.18619670246696e-05
"791" -0.000245391007150646 -2.40844667126665e-05 -4.09367224260424e-05 -4.02798119905968e-06
"10982" 1.68391522170491e-05 5.80630304409716e-05 -1.11858148378776e-05 1.26153927807286e-05
"8273" -2.17276581021516e-07 -1.3845561469413e-05 1.82397092778487e-05 -1.10523935712818e-06
"8203" 2.12048334792734e-05 3.40842636906181e-06 4.8276560163337e-06 2.90807211008785e-07
"3222" -0.00010654791547366 -1.71031846280691e-05 1.19840674405191e-05 1.61495094341507e-05
"8310" -7.92921667794711e-05 0.000134049252188705 2.58518424211458e-05 0.000110645302162041
"5461" -0.000274146050630544 -0.000107664201358424 0.000139279224623364 -3.77311670863687e-05
"8611" -0.000270754080717113 -0.000117593091778431 0.00016359214621389 -4.5976520620845e-05
"5892" 1.33609805449784e-05 9.69230227782056e-05 -1.56350981595782e-05 1.81775018047316e-05
"25" -0.00035498226822103 -4.12383960799157e-05 -0.000140377286736301 -1.23946696294014e-05
"4733" 0.000122741602404848 0.000241147027642306 2.46247023359632e-07 -8.83877407610936e-05
"2923" 7.60717567271584e-05 0.000132088486503324 -9.97516159573859e-06 -2.10408652243127e-05
"10717" 0.000266382752593685 -7.71328069901514e-05 -1.58234126126835e-05 1.00158709139955e-05
"3532" -0.000258731802554287 -0.000109949032400133 0.000185637476872853 -3.96863036932184e-05
"4542" -4.85611514599017e-05 2.94836219482764e-05 -8.99095487821575e-06 2.93234782299374e-05
"11881" -7.94682842962833e-05 3.15623589285571e-05 -1.0539544106617e-05 3.50140239848318e-05
"1302" -0.000268273516178309 -0.000116010275529172 0.000186338696461934 -4.46925431646327e-05
"6513" -0.000262398342590824 -0.00011286476740111 0.000193429418923183 -4.07100282841107e-05
"321" -0.000308046328666024 -3.07865830501233e-05 -0.000110235899025698 -4.60027141979369e-06
"7683" 0.000125573978960184 0.000220238699155609 1.06018423339863e-06 -8.16122410599709e-05
"8152" -0.000154131824031538 -8.13035161056989e-05 0.000104344372529473 -2.02444461795406e-05
"3912" -0.000185616189858028 -7.10341138016512e-05 8.47848744545863e-05 -1.38809275506665e-05
"5123" 4.70275366135434e-05 5.48781259140931e-05 -1.08865720701878e-05 1.10095982039036e-06
"1223" -3.40574968554179e-05 -1.00797945283141e-05 1.25289233565045e-05 9.87666159602629e-06
"6423" -3.93886461973502e-05 -3.42151067512625e-05 3.69615810880797e-05 -4.18598116247896e-06
"2722" -0.000195159704428501 -8.85774007007603e-05 0.000115407889315186 -2.69488486736286e-05
"4964" 0.000326095558730647 -0.000108421252387708 -2.40381574457099e-05 2.7644895524406e-05
"5616" 6.73553797143269e-05 2.41880462732629e-05 -5.442400128975e-07 -8.88473564951799e-06
"5415" -3.16797888381263e-05 -2.51295115634009e-05 2.59379877257819e-05 9.14295911289506e-07
"9192" 4.31477748731507e-05 0.000115199825722277 -1.25753741324869e-05 3.05059943761261e-06
"677" -8.93119945904679e-05 0.000191042649433991 5.854020848343e-05 0.000175958188714678
"9893" 5.63260089667855e-05 3.1428878615796e-05 -4.32471639758723e-06 -4.52964449578813e-06
"226" -0.000314697960898178 -4.23301712676847e-05 -5.33331119462107e-05 -2.01168418847882e-05
"5064" 0.000323210360323538 -0.00010697459733545 -2.36962907514653e-05 2.69327930621775e-05
"739" -0.000253399876926006 -2.75276641469273e-05 -3.19006537788255e-05 -7.61389542144396e-06
"6472" -0.000160396025667743 -7.89455286737836e-05 0.000100853680798073 -1.80674505241944e-05
"11434" 0.000283037662942229 -8.57243150609354e-05 -1.79826213089615e-05 1.4157802677511e-05
"3494" 5.3952196783164e-05 -1.31645785519853e-05 2.04851999153869e-05 -1.92122969629746e-05
"4942" -0.000167013898909546 -7.66823330480373e-05 9.71116517478853e-05 -1.65848577261939e-05
"1137" -0.000246756709372637 -4.04305497892333e-05 2.21789883328395e-05 -1.19014100214339e-05
"8653" 0.00012331070182587 0.000202287778129386 3.12718419309723e-06 -7.43540694925091e-05
"8061" -0.00011657000108647 1.70349268415615e-05 -1.16595846421684e-05 2.95558808489987e-05
"598" -0.000274653483951059 -2.47125285380347e-05 -8.58513577880833e-05 -6.03451266029028e-07
"2654" 0.000124894480906322 0.000123195956653917 1.15744070133553e-06 -5.42529286817431e-05
"1393" -8.66451547018277e-05 -4.96866640782109e-05 5.5302169080786e-05 -6.83487224371274e-06
"9322" 9.73518310856441e-06 6.23744512867924e-05 -1.26242115571677e-05 1.67983313678701e-05
"1563" 0.000136472304896789 0.000295276981347516 1.20627382718325e-05 -0.000123877540208326
"4984" 0.000125480548582985 4.31935904389001e-05 7.65142939591098e-06 -4.01173363960533e-05
"463" -0.000304386793573526 -4.70579888544218e-05 -6.05720220394008e-07 -2.42402462904218e-05
"8594" 0.000189439066503685 -3.57552481299447e-05 -4.76492830209213e-06 -1.17248376973076e-05
"8043" 6.55958647850207e-05 6.1218119275168e-05 -9.66263693830876e-06 -6.17884888012045e-06
"9191" -0.000217238310554294 -8.34425838019769e-05 0.00010172616450641 -2.00744022956771e-05
"374" -0.000290146285984638 -3.53057383931418e-05 -5.34209275157998e-05 -1.37283956615853e-05
"7942" -9.594341818745e-05 -3.45718783614837e-05 3.37382259383861e-05 4.59443174129204e-06
"1591" -0.000233535348549394 -4.22149585098088e-05 3.23922255149009e-05 -9.02624338820527e-06
"8673" 0.000118268172154772 0.00018687034303812 -9.77664255163078e-07 -6.38297267277535e-05
"23" -0.00035552953692346 -4.33829617849804e-05 -0.000127668458136336 -1.64308608348661e-05
"11215" 0.000135938155256696 0.000215030095579678 6.53619606176839e-06 -8.90860323768309e-05
"9814" 4.13687031045847e-05 7.84108995857165e-05 -1.20390940690531e-05 4.71093407022446e-06
"2672" -0.000175923072379435 -7.4290897679735e-05 8.98250413223937e-05 -1.50924579661122e-05
"9410" -0.000206322701994301 -1.52555257212316e-05 -2.20534624482367e-05 3.10936388451085e-06
"112" -0.00034255052084779 -3.67643100099961e-05 -0.000136712572865824 -8.34249522074138e-06
"11153" -5.68713345634186e-05 -6.08734686734781e-05 7.60872240453156e-05 -2.45607698574425e-05
"2333" -5.3363871399147e-05 -2.71037519341327e-05 3.00492952730695e-05 1.09912486272137e-06
"11494" 0.000309811721979049 -0.000100281222873958 -2.20351014731247e-05 2.21484111399534e-05
"8884" 0.000317060529568211 -0.000104750634822188 -2.36357035441683e-05 2.57494481322352e-05
"2212" -0.000139702893678852 -2.99949731648959e-05 2.09009866763166e-05 9.1924698405035e-06
"2104" 2.93095346432343e-05 6.82844230357891e-05 -1.44564658056198e-05 8.95150997603387e-06
"1332" -1.54422850957546e-05 9.92235604893483e-05 -1.32933480590878e-05 3.21187730323079e-05
"2121" -0.000237591262963022 -5.19844182455103e-05 4.72414060228683e-05 -1.12885846468134e-05
"1283" -4.51264248676887e-05 -1.8842473448463e-05 1.90375440337723e-05 6.19727321277359e-06
"11834" 0.000246565268650688 -6.32459739531548e-05 -1.11990874188117e-05 -5.23828864931e-07
"4194" 0.000101161644295802 1.97413589688324e-05 2.919176013698e-06 -2.16455510590998e-05
"4061" -0.000198421823089615 -3.08047314578329e-05 1.88338834094422e-05 1.32553586505707e-06
"10917" 0.000215449366572196 -4.67798881808566e-05 -6.85026310309394e-06 -9.00318171476199e-06
"1003" -0.000240451284360458 -1.86033769420383e-05 -5.89183737425093e-05 3.38848901572465e-06
"9844" 0.000220991679396124 -5.24970334446595e-05 -9.15204146678468e-06 -3.09626251578113e-06
"9817" 0.00020870899977404 -4.50605317679024e-05 -6.99036487890501e-06 -7.9414041405357e-06
"1511" -0.000208703145779981 -1.90089782330314e-05 -6.45037334563839e-06 6.17482765087129e-07
"7971" -5.58368747662285e-05 9.32247655710082e-05 -6.22453492961508e-06 4.99237459048101e-05
"5843" 0.000108089405081821 0.000191058370038149 -2.7035714233462e-06 -6.04266684107087e-05
"5424" 0.000306855641290154 -9.86098509102028e-05 -2.16189621950587e-05 2.26438218610504e-05
"5524" 0.00034795661036101 -0.000120472743768466 -2.75274698935756e-05 3.42947997352741e-05
"8752" -7.24482360965171e-05 -1.89906226188181e-05 1.86965152580606e-05 1.14067049120369e-05
"2721" -0.000262267874681031 -7.85591401065435e-05 8.77480524825178e-05 -2.26388431540901e-05
"10661" -0.000192432409016971 -6.96005351380176e-05 7.966951369612e-05 -1.08486179697447e-05
"7621" -0.000186906941427907 -4.94954683356481e-05 4.47163971873254e-05 -1.64741202070295e-06
"6916" 2.69455945144959e-05 -1.38387796283455e-05 2.04170406521822e-05 -9.99750527597767e-06
"7093" 6.16456817408131e-05 6.3915993648545e-05 -1.08217043900674e-05 -5.033793460562e-06
"3553" -0.000101072689972442 -6.70066996966996e-05 8.29901951167529e-05 -2.04937525089854e-05
"6983" 8.178164559263e-05 0.000108185556494171 -9.78442342225365e-06 -2.1531548817175e-05
"4681" -0.000212346433865496 -4.91893175309047e-05 4.61831058922516e-05 -6.42788586222394e-06
"4772" -0.000119624210071763 -3.73313248750765e-05 3.36671903122524e-05 5.71243341809694e-06
"71" -0.000338370414176664 -3.92002131422833e-05 -0.000124122693353203 -1.18100139848757e-05
"2321" -6.67432853538286e-05 0.000137066987103527 1.81125589934936e-05 9.39639565957245e-05
"525" -0.000269727851580702 -2.77647182894669e-05 -6.45817454827978e-05 -6.06711613170383e-06
"8993" 6.13442198638091e-05 4.52942719890278e-05 -8.46626831109948e-06 -5.17669874988487e-06
"1210" -0.000268451594499864 -6.42534142127587e-05 6.29409434324815e-05 -2.09146925798385e-05
"8031" -6.45355136856596e-05 8.02590303623801e-05 -7.16269454155981e-06 5.1158195199422e-05
"5951" -0.000243361023109583 -8.4279409366797e-05 0.000103003813799178 -2.26580576911082e-05
"10561" -0.00016481660519478 -4.45235164987462e-05 4.10035101129604e-05 7.53414011851167e-07
"5651" -0.00016211708428133 -6.964758882224e-06 -7.59503669652356e-06 1.35601559931966e-05
"796" -0.00025309433342195 -2.89673163101706e-05 -1.82164585240445e-05 -9.41418977653944e-06
"11414" -3.85731146754602e-06 1.84864935652377e-05 -2.10056366616659e-06 1.19330712029965e-05
"6211" -0.000158497065296874 -7.92784134046111e-06 -5.37077244244697e-06 1.39409179236786e-05
"5222" -1.65059703724875e-05 6.26459871965979e-05 -1.33878770019866e-05 2.64541537949089e-05
"1169" -0.000232277207426433 -1.67140763970577e-05 -5.190738384115e-05 5.01255227834455e-06
"11073" -3.48519850626419e-05 -4.69226977741223e-05 5.53067559219462e-05 -1.66511565485983e-05
"3352" -0.000145393199491558 -5.12607394654016e-05 5.36291547387144e-05 -1.41621786019308e-06
"611" -0.000261541325720541 -2.74707293979532e-05 -5.03700428625138e-05 -6.6617358285759e-06
"6782" -6.71626541466179e-07 7.00164227820207e-05 -1.30667164599519e-05 2.12165185261038e-05
"8991" -0.000162961882334089 -3.33403888094218e-05 2.41745365665996e-05 6.63506575393002e-06
"876" -8.46949809124354e-05 0.000172860990990181 4.67708502086366e-05 0.000151409258329034
"2834" 9.70652675914405e-05 3.99609237045135e-05 -4.1774927299475e-06 -2.09765837718748e-05
"8831" -0.00012249319103192 5.83895745504917e-06 -6.71220711631883e-06 2.36711290542953e-05
"11662" 8.4655009500016e-05 0.000185271725523675 -8.99185799378071e-06 -4.19241768973282e-05
"9821" -0.000176754697776669 -5.15072641429141e-05 5.27375676268234e-05 -3.43816034925373e-06
"2142" -2.14043888385071e-05 8.46264998651293e-05 -1.3930363128317e-05 3.18831125818208e-05
"4512" -0.000233654791851811 -9.88356675361661e-05 0.000142086736635193 -3.11589485950357e-05
"6121" -6.24430266786915e-05 0.000103791335394071 6.54365106095278e-07 6.00191205755021e-05
"1075" -0.000234222438799777 -2.71811096436714e-05 -6.34501091161521e-06 -5.85302615934154e-06
"4333" -2.39584441458058e-05 -1.54899070794346e-05 1.68097237956963e-05 4.34609942107698e-06
"9574" 0.000274923046297798 -8.23374788219475e-05 -1.75733009311366e-05 1.37044842413057e-05
"381" -0.000297562882102483 -4.01582128527261e-05 -2.99029122127017e-05 -1.91023021174765e-05
"8533" -8.61976273101761e-05 -7.14018152036879e-05 9.33876887125027e-05 -2.54702518279511e-05
"236" -0.000313209283250953 -3.36378921260723e-05 -0.000109816469139925 -7.39117664746122e-06
"10882" 4.23959349047132e-05 9.60649259554382e-05 -1.46035057444164e-05 3.87109593950385e-06
"7224" 0.000211529227405296 -4.89632470043661e-05 -8.79327221638031e-06 -3.11973520668925e-06
"11051" -6.25333269243386e-05 5.75519459833001e-05 -1.15275486218991e-05 4.22102705989069e-05
"2703" 0.000111035524342311 0.000228113575655162 -1.43466376288349e-06 -7.63382665006867e-05
"246" -0.000304798536360108 -3.56467012045863e-05 -8.17448131203594e-05 -1.23976277986975e-05
"5661" -0.000170339590802613 -1.71737403236657e-05 3.35256210445009e-07 1.04108262892773e-05
"10221" -5.61815449535697e-05 7.19024273350227e-05 -1.11817547828209e-05 4.37469437933807e-05
"4317" 7.08991066186102e-05 -8.44610373510733e-06 1.82951214656736e-05 -2.07764944523962e-05
"5964" 0.000316377201307193 -0.000103964136258003 -2.32256907260801e-05 2.5663015844713e-05
"10814" 1.4842820176317e-05 4.10166523652822e-05 -9.50127902608628e-06 1.04747813983373e-05
"4323" -1.37317089232085e-05 -7.42647581467337e-06 1.03214880875507e-05 5.70042721232569e-06
"3971" -0.0001824289494984 -1.37955264029098e-05 -6.29412168066203e-06 7.86570157021937e-06
"5793" 0.000114074227886212 0.000208120932276174 4.94143417629812e-08 -7.03766572052258e-05
"2194" 0.00011110293526602 9.13065483735155e-05 -3.53507244378865e-06 -3.59462855064046e-05
"6801" -0.000145321507368582 6.3458627688431e-07 -8.36966942684009e-06 1.85444347003925e-05
"10974" 0.000239596103458514 -6.14362264998595e-05 -1.12049694573417e-05 5.28340928708401e-07
"10623" 9.48911602913847e-05 0.000100680829818549 -6.67549937309112e-06 -2.78335051794847e-05
"10023" 2.82437735203464e-05 -9.96579833708631e-07 8.53387470565893e-06 -3.04502194947962e-06
"8383" -3.29744198911175e-05 -3.73479435414858e-05 4.03354172713888e-05 -7.76099750735521e-06
"295" -0.000300885411972781 -3.2300434803276e-05 -9.68760130842605e-05 -7.27970741857331e-06
"2374" 7.0104304845119e-05 5.46771715285664e-06 5.89453215867486e-06 -1.30034397978125e-05
"9473" 0.000136816492106797 0.000234827554510153 7.16446354253198e-06 -9.60399451852505e-05
"5617" 0.00013108042029181 -6.10584700575408e-06 2.76113841922033e-06 -2.52394571962052e-05
"595" -9.03194707175059e-05 0.000199184037014629 6.3338884200504e-05 0.0001874157141218
"8504" 0.000166968879383016 -1.99776429093198e-05 3.41967782769792e-08 -2.34708388572359e-05
"5472" -9.5944140489087e-05 -2.15713679682228e-05 1.81963314967699e-05 1.34668824385518e-05
"8323" -2.25319448262135e-05 -2.86991892940681e-05 3.2540501616743e-05 -5.8309204591825e-06
"2034" -1.04268174276048e-06 -3.74419948892728e-05 4.70082244168756e-05 -2.15729279511902e-05
"10153" -1.58695484809537e-05 -3.25283702869107e-05 3.57178505314008e-05 -1.01842801305278e-05
"8951" -0.000153626242053529 -2.46122385517374e-05 1.23680913117235e-05 1.02549596750797e-05
"3354" 9.43412398659708e-05 2.40820039365947e-05 1.71048816092069e-06 -1.89670367023056e-05
"4484" 0.000116053952069466 4.84919913947607e-05 2.94513165948685e-06 -3.36989709749879e-05
"3184" 0.000122175607188974 0.000104525322705852 -1.48906926665341e-06 -4.864006655041e-05
"7682" -1.54137088005727e-05 4.2757914250228e-05 -1.00837703048528e-05 2.21860034709959e-05
"9654" 0.000303619913865453 -9.75740730186606e-05 -2.16714714915412e-05 2.17488876420616e-05
"8261" -0.000174697957361596 -4.04460034821905e-05 3.43152791569143e-05 1.412619876429e-06
"1734" 9.00102926702121e-05 4.44814427258498e-05 -5.78280620793998e-06 -1.7464435645246e-05
"500" -0.000293067755042831 -4.30061592064498e-05 -1.01541892442192e-05 -2.04064770923168e-05
"2712" -0.000158198567220219 -4.73313809008552e-05 4.47675446709111e-05 1.1175391193306e-06
"763" -8.21075589898994e-05 0.000187545002625291 5.2509875510896e-05 0.000167386179405636
"6724" 0.000145267341419384 -9.34492494070689e-06 2.46307745605876e-06 -2.78561171506117e-05
"10304" 0.000250173446153454 -6.85941780084781e-05 -1.35717267123668e-05 5.71830818969315e-06
"3392" -0.000154254311516496 -5.92973482307471e-05 6.66317853901492e-05 -6.1963559417317e-06
"6291" -0.000176146873775107 -2.76602677080319e-05 1.4901853244564e-05 5.47638116916769e-06
"7105" 5.37937609150376e-05 5.08416746255364e-05 -1.02865808310279e-05 -2.53683911365682e-06
"7861" -0.000263649952654029 -0.000110329669850438 0.000148661957765475 -3.82480987928193e-05
"11771" -4.083433034266e-05 7.98076723746035e-05 -1.17171717393681e-05 3.83279037828711e-05
"8933" 7.62332042447887e-05 7.31497173947354e-05 -1.02902230666242e-05 -1.21166683487483e-05
"3471" -0.00019325758301228 -2.21987106984147e-05 3.0540592595673e-06 4.15505858211514e-06
"2717" 0.000114432949448953 8.93515860943045e-05 -1.84480214411336e-09 -3.84613501474487e-05
"11734" 0.000297736499269005 -9.35210923928299e-05 -2.00349206896584e-05 1.81946909016926e-05
"1175" -0.000215197788972165 -1.62516796616944e-05 -3.61674611663461e-05 3.66824939755926e-06
"534" -0.000276529926372189 -3.39553600278389e-05 -3.22728837465932e-05 -1.35080509227023e-05
"1582" -8.22688088046433e-05 1.60866025539533e-05 -6.34580413825156e-06 2.9585383361165e-05
"9781" -0.000168046476730028 -4.35916190676523e-05 3.89521789644592e-05 2.79793961306476e-06
"3914" -7.93487828152704e-05 -4.17315528958827e-05 4.26203202350849e-05 -1.77700263206772e-06
"817" -8.14422154080522e-05 0.000182389882980476 4.94484552677648e-05 0.000160180921863752
"803" -0.000267740105889865 -3.94697329313602e-05 7.38613171169327e-06 -1.57765151415015e-05
"4402" -1.08822769917567e-05 7.73862719662768e-05 -1.43479060938125e-05 2.63850088411981e-05
"7217" 0.000196789499479403 -4.11706059806773e-05 -6.71721413499329e-06 -7.1927426786159e-06
"333" -0.000290759983982749 -3.22595554765923e-05 -7.60118894975569e-05 -9.5759509838003e-06
"5217" 0.000309051332129138 -9.95727652443934e-05 -2.17651427897855e-05 2.30241689244531e-05
"1092" -6.57454145746079e-05 0.000177611664848918 3.86346118967564e-05 0.000145395748166326
"10574" 0.000213391630803966 -4.62554880126791e-05 -6.94005291905021e-06 -8.81509283010737e-06
"10253" -4.90317922614813e-05 -5.29573278244258e-05 6.36934501748955e-05 -1.8910167986456e-05
"9963" 3.89264399868833e-05 8.35777005010532e-06 2.71670882710445e-06 -1.50276850990118e-06
"7832" -6.52019315959014e-05 -8.73208894381398e-06 9.44366730448679e-06 1.57337400305539e-05
"345" -0.000297329958418799 -3.84791015402016e-05 -4.38837244881351e-05 -1.7040413902261e-05
"10653" 8.85019034779056e-05 8.4329297305937e-05 -9.00171980645227e-06 -2.10797486817542e-05
"266" -0.000305953323031133 -3.2915155221281e-05 -9.88466801591084e-05 -8.36082300368193e-06
"11741" -3.14952232100972e-05 9.23269881208144e-05 -1.24225981110583e-05 3.74986311238226e-05
"960" -0.00023666700041598 -2.38951582603332e-05 -2.26695002480894e-05 -4.61654749511256e-06
"6651" -4.42777192209989e-05 0.000120442759433598 -1.03099611517116e-07 6.25678097719771e-05
"301" -0.000297058018002208 -3.22117439413357e-05 -8.74896733219737e-05 -8.67256600398025e-06
"2931" -0.000190183859603792 -1.25260904974571e-05 -1.10167232249447e-05 5.93428744429928e-06
"3034" 3.93979942816546e-05 -1.8605964433093e-05 2.58186018870008e-05 -1.75997016152632e-05
"7603" -9.89961888975051e-05 -7.78514295052069e-05 0.000104104876453412 -2.70261385019977e-05
"2074" -1.24785703546479e-05 -4.35877736825307e-05 5.71260672100964e-05 -2.36346196468591e-05
"8782" -8.28259008010242e-05 -2.7584641966405e-05 2.60570838750613e-05 8.3890033672328e-06
"1103" -8.18471184362633e-05 0.000146538489308601 3.35387097276805e-05 0.00012680639093821
"8833" 9.45295311682193e-05 0.00011956128448271 -8.96283624774408e-06 -3.13592593857519e-05
"93" -0.000331414020461557 -3.84442144315758e-05 -0.000113224193525104 -1.27266350834086e-05
"11022" 7.49966917504059e-06 4.57272377466636e-05 -1.01545401210353e-05 1.41920681321178e-05
"423" -0.000300574356250296 -4.47763252242842e-05 -1.50633303779603e-05 -2.16680958200408e-05
"11722" 7.26737122448443e-05 0.000154048632121861 -8.91265242464263e-06 -2.41812442129303e-05
"9453" -8.32483238432461e-05 -7.30659075431686e-05 9.55434482995924e-05 -2.74524120440298e-05
"5574" 0.000126422844805281 5.99150564285541e-06 6.65381781452913e-06 -3.2800721804787e-05
"1150" -6.77279568636053e-05 0.000167906303518297 3.45054236606764e-05 0.000134236708513413
"6552" -0.000269617184710952 -0.000114852853831437 0.000206386390736071 -4.28541749954789e-05
"8616" -2.88010532123456e-05 -4.87710278132231e-05 6.20275197762501e-05 -2.08753022213009e-05
"7392" 5.06480471583078e-05 0.000148424377727575 -1.22744532440563e-05 -9.89589704726942e-06
"11794" 0.000224885158106847 -4.90980694442556e-05 -6.78868029440988e-06 -1.02331935324913e-05
"86" -0.000340969875599161 -3.76304740376069e-05 -0.000131997780691766 -9.89939993279377e-06
"5732" -0.000173079726369403 -8.5188421427384e-05 0.000111179652689472 -2.24171223274153e-05
"5016" 7.57591405504042e-05 3.61243366847798e-05 -4.95438497295113e-06 -1.12495820714312e-05
"8911" -0.000143609484344712 -1.59401172751135e-05 2.94564801398297e-06 1.5319863287671e-05
"8754" 0.0002586869116686 -7.38877360615428e-05 -1.5411033926052e-05 9.60632694534373e-06
"6031" -0.000271087774613636 -0.000107608187200941 0.000142276642132524 -3.72563174069126e-05
"6663" 0.000139408674906078 0.000270905980640638 6.04855751105215e-06 -0.000112098633415558
"9952" 5.97082735729389e-05 0.000142082698876576 -1.3354363782739e-05 -1.38575679290626e-05
"7212" -5.6289114608156e-05 5.25584061182245e-05 -1.10925138403996e-05 3.85603747116875e-05
"9361" -3.24427372537305e-05 0.000111490903808223 -7.15408468142945e-06 4.52197090355822e-05
"585" -0.000293397475782395 -4.68456946922573e-05 7.48145767702268e-06 -2.22192475522751e-05
"306" -0.000296028172776562 -3.50732300599882e-05 -6.79779380156497e-05 -1.26914420068445e-05
"605" -0.000263499000436488 -2.55784936956468e-05 -6.89164154830649e-05 -2.90072738985451e-06
"1304" 4.12995885219929e-05 -8.19601490112222e-06 1.43393203028353e-05 -1.02405794660426e-05
"156" -0.000318114030379357 -3.69038370604104e-05 -9.84525664539555e-05 -1.24340296575767e-05
"10744" 0.000279813192425599 -8.44882417736638e-05 -1.78777076809384e-05 1.41463863879106e-05
"1168" -8.4770328905764e-05 0.000137758541692712 3.40654711286927e-05 0.000134033191944822
"1282" -0.000255996446661818 -0.000108733515365941 0.00017252763051692 -3.94310151744976e-05
"9631" -0.000130945478678161 -5.49554500761065e-06 -1.02534851383062e-06 1.88172200124193e-05
"9853" 7.21760528549119e-05 5.66144557366719e-05 -1.06969882672322e-05 -9.17295259126648e-06
"4394" 3.54561237883961e-05 -2.75882930996339e-05 4.13331571698787e-05 -2.75380366027318e-05
"2863" 8.19336071278464e-05 0.000148053928526045 -1.0272209166627e-05 -2.84461821261835e-05
"180" -0.00031739528259253 -3.50339873230081e-05 -0.000107115488500959 -9.84850573892134e-06
"2454" 4.75977000283501e-05 -1.10333308586554e-05 1.60528900618262e-05 -1.50176908083005e-05
"10902" 3.38338012315281e-05 8.31487364709151e-05 -1.41481944999745e-05 7.60978029028045e-06
"174" -0.000327792939765696 -3.49360424526282e-05 -0.000123286292809703 -7.86646964034378e-06
"894" -0.000239779690370244 -2.03125728701159e-05 -5.56289629556016e-05 1.36022440826838e-06
"9312" -0.000125967501602593 -2.22535883580468e-05 1.3318807826915e-05 1.28940272290604e-05
"5164" 0.000123927756949097 2.50129395192223e-05 7.81147305210049e-06 -3.52325176602985e-05
"4712" -0.000244483883137718 -0.000103339876704934 0.000155469440874412 -3.5176741481125e-05
"6344" 0.000346796649687569 -0.000120160636106174 -2.76009987835834e-05 3.41396523832528e-05
"6744" 0.000154808976950958 -1.76227384908161e-05 -1.18293616679675e-07 -2.09494351208703e-05
"647" -0.000256663734651208 -2.48341701106768e-05 -5.82229653931651e-05 -3.70100705798693e-06
"7014" 0.000114659088575823 0.00024803867373635 3.86433157186474e-06 -8.90184759805095e-05
"4781" -0.000239816898123917 -7.53185905119093e-05 8.46324096705474e-05 -1.86021814634484e-05
"650" -0.000257513951408358 -2.66544215205128e-05 -4.78300607007732e-05 -6.05742528036298e-06
"11011" -5.2923953522461e-05 6.96955916303239e-05 -1.28021840964885e-05 4.14937716259652e-05
"9324" 0.000174034197460224 -2.12779442720368e-05 1.63624924625333e-07 -2.48575019962691e-05
"758" -7.37110310721815e-05 0.000203133299550327 5.58971973065735e-05 0.000182633476804822
"2383" -7.35159813522465e-05 -4.33816868222552e-05 4.72259030845799e-05 -4.87793865235344e-06
"11072" -1.03264815036387e-05 2.2508445818591e-05 -3.8594280766962e-06 1.56701328446569e-05
"10423" 0.000128627478339991 0.000199516419278398 3.84683013343389e-06 -7.6955849335817e-05
"3883" 9.13779068397731e-05 0.000161611477416957 -8.71195174729661e-06 -3.8207107929582e-05
"1973" 4.42799643120632e-05 7.58738844785888e-05 -1.35973432858304e-05 2.13468074913925e-06
"2461" -0.000193901573534654 -1.29038686232866e-05 -1.40774814911305e-05 5.21001328319453e-06
"5201" -0.000199665461208527 -4.27279459187912e-05 3.57943445675378e-05 -1.9649191498795e-06
"10301" -8.65071872205684e-05 3.57638125807181e-05 -1.1304457453814e-05 3.68239823878294e-05
"8512" -9.58569469862602e-05 7.46156526918425e-06 -3.90809536655012e-06 2.70766439780905e-05
"606" -0.000261072665924522 -2.58497201232582e-05 -6.02458693591707e-05 -4.54409455207609e-06
"11134" 0.000294695075297928 -9.23344550215233e-05 -1.99481067018665e-05 1.81358274095514e-05
"11362" -0.000102597694085614 -5.55796640204103e-05 6.25478616596784e-05 -9.09724307571138e-06
"308" -0.000298339956736749 -3.70695501818034e-05 -5.79086872302405e-05 -1.51076695412067e-05
"7463" -4.71020717588362e-05 -4.23928329614253e-05 4.87898796391147e-05 -9.08639123947222e-06
"5244" 0.000320979322323976 -0.000106002268378509 -2.35525275533155e-05 2.65485704476613e-05
"10944" 0.000227392050421304 -5.4124592137115e-05 -9.07806012606056e-06 -4.13341434732187e-06
"5063" 6.25186343102734e-05 8.18998039290576e-05 -1.15237638737539e-05 -6.55603534069084e-06
"9584" 0.000275122442824192 -8.24436415665272e-05 -1.76019913454328e-05 1.37602602699749e-05
"6032" -2.24346693508154e-05 4.76840641270632e-05 -1.28347503391896e-05 2.58266447631362e-05
"9882" 7.26998667877315e-05 0.00017230274667735 -1.05142025008316e-05 -3.03250348461375e-05
"4910" -0.000217024777656389 -1.96217009315362e-05 -1.05740196676592e-05 -1.1871718768737e-06
"10722" 7.64697232999105e-05 0.000170658283400651 -9.57371778401721e-06 -3.13191780282623e-05
"686" -0.000255451402696859 -2.37250309463945e-05 -6.49950711785066e-05 -1.37654678562612e-06
"1816" 0.00013316586881235 0.000196893370711629 3.66917783893764e-06 -8.11955563273309e-05
"3452" -0.000173196902848776 -7.44380010178567e-05 9.21823085022747e-05 -1.71582359455193e-05
"3281" -5.4687608713606e-05 0.000148069264078975 1.82712322306575e-05 0.000101273825619005
"3754" 0.000108982746341719 5.19664528173043e-05 -2.95626069812532e-06 -2.96650849437651e-05
"9933" 4.89855605976077e-05 1.97931106513742e-05 1.26366139111234e-06 -1.97254385674102e-06
"1851" -7.3167221108297e-05 0.000132891769914046 2.03433292680846e-05 9.75295499127055e-05
"4914" -0.000109849852096843 -6.37570743124049e-05 7.65634169022508e-05 -1.38539479675435e-05
"6722" 8.67085515124516e-06 8.22799145274472e-05 -1.36026518641681e-05 1.96744507486498e-05
"4503" -7.70119797105937e-05 -5.42915256707893e-05 6.13514098401111e-05 -1.04475577478597e-05
"2983" 6.28461657858675e-05 0.000101397707740591 -1.24221047932347e-05 -7.84912369620661e-06
"7614" 8.25538013528301e-05 0.000167127059174177 -7.56038072215935e-06 -3.52588198373506e-05
"8964" 0.000180635922513792 -2.86402752670863e-05 -2.43849674058945e-06 -1.79491124945986e-05
"913" -0.000260500886584114 -3.88705035096359e-05 1.24262610260528e-05 -1.43276437708368e-05
"5874" 0.000147614579456864 -1.48947500889284e-05 3.89270639361811e-07 -2.06364149003038e-05
"117" -0.000330162911567533 -3.72955344906446e-05 -0.000119880409866518 -1.02686816055852e-05
"7684" 0.000184833024654551 -3.4316852715365e-05 -4.67897019147048e-06 -1.13522175442587e-05
"8432" 1.5406169675229e-05 7.74289791341396e-05 -1.46567605172608e-05 1.59283755398418e-05
"101" -0.000326536026928886 -4.1655344022335e-05 -8.42607765947837e-05 -1.78706008710442e-05
"143" -0.000332777035767596 -3.5778278645209e-05 -0.000127326948894935 -8.39452060670204e-06
"802" -0.000259827734069642 -3.45703709933059e-05 -5.47868829502356e-06 -1.24505938771564e-05
"4031" -0.000189518988304354 -2.2778612720866e-05 6.28928808390384e-06 4.57982978432733e-06
"3042" -5.56160178948423e-05 3.42180647567486e-05 -1.01887781090666e-05 3.24553088178075e-05
"167" -0.000323231639782076 -4.38968631415204e-05 -5.92547186567146e-05 -2.12867356237091e-05
"4604" 6.15922583968585e-05 -1.53559289081829e-05 2.56430235980692e-05 -2.48724472973079e-05
"11293" 0.000125811376293271 0.000181286026329454 3.84856396679515e-07 -6.92092380272743e-05
"5602" -0.000135271068772552 -5.44631320201836e-05 6.04044846083334e-05 -4.02682171916602e-06
"3361" -6.96882001883012e-05 0.000120831173330507 1.26206901037687e-05 8.2803491765601e-05
"10914" 6.41802458477127e-06 2.89133532219929e-05 -7.13034528300939e-06 1.1502719820886e-05
"7631" -0.000196673053861591 -5.53385274732849e-05 5.85884567257848e-05 -6.97905897846448e-06
"4332" 1.41395244607714e-05 0.000115782447481247 -1.42131458909032e-05 1.69876518401225e-05
"8213" -0.000275282408066768 -0.000117895719756807 0.000217024084723038 -4.47322652646779e-05
"4643" 0.000140348016221148 0.000289426918155885 8.9101189331172e-06 -0.000121926067101356
"9411" -5.03855609564933e-05 8.74902860386234e-05 -8.66825772685105e-06 4.52279615115532e-05
"6864" 0.000256290201087108 -7.25364359438433e-05 -1.5029018725288e-05 9.2461870492738e-06
"961" -0.000242233714674344 -2.68047497512486e-05 -1.06577148117069e-05 -7.6174775401737e-06
"5253" 2.05570758567717e-05 2.01896814878029e-05 -2.62725466034502e-06 5.94675782414694e-06
"6362" -0.000122978394559506 -4.77801770010291e-05 5.04421070312894e-05 9.3415809567349e-08
"7263" 1.77854314630823e-05 5.75834941262524e-06 4.28687414803714e-06 1.85788942140322e-06
"3641" -0.00023721837763133 -6.42605714159895e-05 6.73076931574737e-05 -1.42939502459081e-05
"2362" -8.98363750443939e-05 4.93750541729977e-06 -1.25549332275528e-06 2.40138248494711e-05
"512" -0.000289869481295639 -2.67540220264386e-05 -9.81572737100425e-05 -1.30846892226027e-06
"5751" -0.000187940574598855 -3.49256798622079e-05 2.55269604793117e-05 1.89330394982927e-06
"4721" -0.000230331139667936 -6.707047813041e-05 7.18365493958438e-05 -1.36786053466685e-05
"7943" 8.55992814638107e-05 0.000105900059196195 -7.67469684861899e-06 -2.2640962729445e-05
"11016" 9.30372415583032e-05 6.17838837806133e-05 -8.09638897582807e-06 -2.03376325628277e-05
"5515" -6.36198619300147e-05 -4.79899459146024e-05 5.27258482395926e-05 -9.05912137360045e-06
"6510" -0.000256836445778747 -5.92208759327759e-05 5.23428045422286e-05 -1.716894011953e-05
"8622" -4.11077096047715e-05 8.83688312102115e-06 9.42483387703423e-07 2.02037859511067e-05
"844" -0.000240127336741604 -2.27711994431808e-05 -3.90718564833649e-05 -2.9346672954795e-06
"11651" -0.00025475566631588 -0.000109700131271323 0.000164491095014089 -3.9479192058398e-05
"448" -0.000278293042761129 -3.10779234722516e-05 -5.93488088479937e-05 -9.51479979577471e-06
"386" -0.000304522827940947 -4.56519043389882e-05 -1.76822661186457e-05 -2.23380788648989e-05
"6914" 0.000120357614932312 0.000264146032532569 7.20120958640567e-06 -0.000100218393270606
"3203" 4.25896253529258e-06 1.32856277200152e-05 -1.80119740951312e-07 9.5844340710184e-06
"4901" -0.000277290888724136 -0.000107049031817086 0.000137379117092857 -3.46786724972467e-05
"4532" -3.87096096967273e-05 4.03770007829286e-05 -1.05123561577653e-05 2.97415857507779e-05
"1321" -6.84600837849254e-05 0.000144008598491758 2.25839575248947e-05 0.000104054935950191
"428" -9.51246802112501e-05 0.000221400096017083 7.74527846964752e-05 0.000218371418476769
"7961" -4.67298143120211e-05 0.000105106524175149 -5.45164941014802e-06 5.01259320203855e-05
"2062" -3.41632965363797e-06 0.000109101401678757 -1.42389060703893e-05 2.75224694035166e-05
"1921" -7.93386714105089e-05 0.000120824300863965 2.13284890315257e-05 0.000106005066760116
"11192" -4.11344203591048e-05 -7.02082193933234e-06 1.05324344632877e-05 1.26671034181298e-05
"276" -0.000300240677248228 -3.60720974356425e-05 -6.98068999553541e-05 -1.35530055702338e-05
"9224" 0.000288478948679177 -8.96122074901934e-05 -1.95799276363708e-05 1.7710842507874e-05
"11712" -0.00019181537901962 -7.98576892168143e-05 9.93485865824133e-05 -1.9604698151774e-05
"9762" -0.00012914388729992 -6.80488110269504e-05 8.30005383100687e-05 -1.4207181661535e-05
"7191" -0.00025637119882012 -0.000105175634071133 0.000132669225879393 -3.21550340595214e-05
"7104" 2.02327112589561e-05 5.537919859876e-05 -1.13506547555366e-05 1.13924632118198e-05
"5324" 0.000131491577836018 3.94036504215818e-05 9.92859506778423e-06 -4.37484591350641e-05
"2521" -0.00020891994129993 -2.90303746232213e-05 1.11229133597903e-05 -7.32438901884301e-07
"1804" 7.47345981491809e-05 1.9296052425308e-05 2.04854727215366e-06 -1.21592054663403e-05
"4043" 5.90804005513232e-05 8.43339686715418e-05 -1.39471483026291e-05 -4.44032866486971e-06
"2612" -0.000149049681118068 -3.8664977347581e-05 3.36840079028709e-05 5.30347374370061e-06
"6624" 0.000345957030862532 -0.000119784759054452 -2.7534425307369e-05 3.39152977301129e-05
"7133" 4.51099304764281e-05 3.85653442473164e-05 -8.82925842973162e-06 -4.01016032249782e-07
"10761" -0.000220945666468361 -9.24471910107939e-05 0.000119844674659841 -2.54616407618424e-05
"1012" -0.000227241438355061 -1.99098386096981e-05 -3.25591622261806e-05 -6.46728333938943e-07
"9713" -0.000109657354813903 -5.28535265862468e-05 5.87982796752957e-05 -5.83943068378271e-06
"1474" -1.54344738131238e-05 -4.26751096558843e-05 5.37220276951937e-05 -2.08782025194816e-05
"5901" -0.000234196812987494 -7.54913741427953e-05 8.99671160339975e-05 -1.87612809749973e-05
"3154" -7.09331695554695e-06 -4.47986275112204e-05 6.07657451674932e-05 -2.78148810698204e-05
"10763" 6.03628643079677e-05 2.95048045450434e-05 -3.50392789921968e-06 -5.33608404836081e-06
"5642" -0.000144425368146379 -6.39029890190322e-05 7.28300632451382e-05 -7.39913924362747e-06
"1351" -7.39444185471163e-05 0.000136623263565433 2.27128281451187e-05 0.000103071455475815
"1353" -6.63195360937902e-05 -3.48173091855103e-05 3.61075650742205e-05 4.60537754574575e-07
"1115" -0.000225819329895907 -1.66748996358541e-05 -4.68514517818504e-05 4.02079990846353e-06
"9862" -0.000276844609863403 -0.000119648478444759 0.000219496057046511 -4.54853369612316e-05
"1323" -5.63018062169272e-05 -2.68558954329025e-05 2.70366072956087e-05 3.62552963108951e-06
"9202" 3.53990537074014e-05 0.000100712323310995 -1.47193928797287e-05 6.77062511900351e-06
"8503" -7.58671727855166e-05 -6.44372923519455e-05 8.08229860219704e-05 -2.16127285554926e-05
"3324" 0.000100794223932345 3.81352869366725e-05 -1.36437585553408e-06 -2.22669391489823e-05
"11681" -0.000266089764232382 -0.000115326208963301 0.000178119506301334 -4.4043972563591e-05
"10534" 0.000202015829414429 -3.86007101228098e-05 -4.58354294748977e-06 -1.40851773480877e-05
"4293" -3.37011740462327e-06 2.60311966297773e-06 5.86030531736935e-06 7.67355916881706e-06
"76" -0.000330715413865808 -4.11312068116384e-05 -9.62111995725191e-05 -1.6624265811025e-05
"4533" -8.74328447417626e-05 -6.06902676005254e-05 7.29708105507645e-05 -1.54780577555096e-05
"3454" 6.56237073403863e-05 -6.32655296232334e-06 1.41575453579535e-05 -1.71371770006855e-05
"1834" 6.61570663703392e-05 7.81781819240726e-06 2.9966743637105e-06 -9.87926270538582e-06
"8903" 8.27704331099307e-05 8.75545098878105e-05 -9.96479036196047e-06 -1.75721404587994e-05
"4364" 4.71725253958728e-05 -2.11144030677088e-05 3.31748603919065e-05 -2.52823580341752e-05
"312" -0.000302111118216189 -3.96091112732857e-05 -4.61728347984766e-05 -1.79794077647135e-05
"8917" 0.000170443538059555 -2.06678839991308e-05 8.21524070633265e-08 -2.40855529190487e-05
"8302" 4.64628084531896e-05 0.00013159091733873 -1.33523093849186e-05 -2.62906056629683e-06
"9124" 0.000245471952212376 -6.67457155607689e-05 -1.3408057631955e-05 5.60660896359008e-06
"7722" -2.53264908730331e-05 3.10671028815098e-05 -8.78939807243863e-06 2.25063289270115e-05
"5473" -5.34578616526237e-05 -4.05117091404478e-05 4.39764077078378e-05 -5.89871514666445e-06
"2471" -0.000200749307560024 -2.08550625074826e-05 -2.24454332790309e-06 2.84171616291985e-06
"126" -0.000322297511166157 -3.75487728542911e-05 -0.000101992406351067 -1.27931115762729e-05
"879" -8.68213617452664e-05 0.000164117850272271 4.50598273887024e-05 0.000149760755521935
"8962" -0.000141380231074332 -7.46665550115399e-05 9.38080556335186e-05 -1.62456317578768e-05
"5821" -0.000205678277409301 -5.23608466584177e-05 5.10137213170456e-05 -5.50608782266673e-06
"3741" -0.000265384235967194 -8.82069455170174e-05 0.000105549471280944 -2.66766051909195e-05
"9133" 2.4793249827552e-05 1.36727036020633e-06 7.87035513917022e-06 -1.53524394348931e-06
"5792" 3.6559536400995e-05 0.000137597186387254 -1.33268757166271e-05 1.17560628762081e-06
"9603" 0.00011406409337864 0.000168416974745667 -2.83302821135304e-06 -5.72513719440857e-05
"1644" 0.000102842265094495 7.63419166465522e-05 -3.60068288554815e-06 -2.78479172989347e-05
"3713" -2.36598441359487e-05 6.72336818484762e-05 -1.34607991905237e-05 2.95822107708411e-05
"10673" 8.29424792335783e-05 6.84529006637761e-05 -1.00490530632144e-05 -1.54485190879072e-05
"3716" 0.000101456279690148 9.60501444695063e-05 -7.908366479292e-06 -3.12764618596542e-05
"243" -0.000305198451642044 -3.4072115927794e-05 -9.16417716284447e-05 -1.01664220614769e-05
"1874" 5.56187385639327e-05 -1.88795708232141e-06 9.01600706294944e-06 -1.13853455030471e-05
"8443" -5.50051525231376e-05 -5.09816974773871e-05 5.93180569465556e-05 -1.48454840712284e-05
"6004" 0.000331426839775786 -0.000111948290974391 -2.53685566523481e-05 2.98571086237345e-05
"8291" -0.000183969595095829 -4.89633291272245e-05 4.73777853676437e-05 -2.65924972782309e-06
"3992" -0.000112651034687329 -2.73976586812117e-05 2.24135480553898e-05 1.11463549715143e-05
"1863" 7.22553942256277e-05 0.000134096589343739 -1.22600979894383e-05 -1.9645155814964e-05
"1581" -0.000223750661677782 -3.57598168748619e-05 1.90605609218742e-05 -5.37885037036216e-06
"7711" -0.000214205514835442 -7.25447837462944e-05 8.3313395294329e-05 -1.49148315292024e-05
"4944" 0.000114910868599383 1.51087951695762e-05 6.40001897623527e-07 -2.24420581864102e-05
"9754" 0.000186513182838331 -2.97358805407426e-05 -2.30933873709014e-06 -1.90646117569607e-05
"4391" -5.32610881080655e-05 0.000130858996621052 8.3210763745654e-06 7.94323351538686e-05
"8" -0.000362644956501649 -4.29390617154375e-05 -0.000144695940246109 -1.37429927206684e-05
"3093" 3.10309478177279e-05 4.82523347218213e-05 -9.4568218583726e-06 6.21479069041383e-06
"9121" -0.000198655005548919 -6.80621433456696e-05 7.51521651671191e-05 -1.08639707584515e-05
"33" -0.000350108284862142 -4.20051968192063e-05 -0.000125666096048713 -1.52120278370863e-05
"57" -0.000340527669462164 -4.04194341712901e-05 -0.000118303721090532 -1.42864199678413e-05
"6452" -0.0001515425410008 -7.06555143576281e-05 8.78037776292524e-05 -1.51240975050287e-05
"567" -0.000265182795777226 -2.67267929508472e-05 -6.24829125103389e-05 -5.22162383639916e-06
"10274" 0.000236242568039833 -6.07937615557673e-05 -1.13692311974131e-05 1.29791152066729e-06
"1951" -0.000198587965969122 -1.37127650231985e-05 -1.69852612068203e-05 4.38848484283827e-06
"3221" -0.000269437815883539 -8.60352106764783e-05 0.000104465436436182 -2.68253063788785e-05
"1911" -7.71577400994889e-05 0.000127845602408416 2.13013255371665e-05 0.000100806988200307
"7815" 0.000108286975372831 0.000171037360550734 -3.19480628396947e-06 -5.42554462185964e-05
"4774" 7.6460388602889e-05 -8.41725981277737e-06 2.35074776317359e-05 -2.57055800341882e-05
"11262" -6.29080544288138e-05 -2.38760365595538e-05 2.32588326524715e-05 6.22036190739323e-06
"11732" 6.68787741235354e-05 0.000138045198160471 -1.17867711451865e-05 -1.55276858880777e-05
"4974" 0.00033763501289249 -0.00011454540422468 -2.56882713714543e-05 3.09448107038524e-05
"275" -0.000299162113603341 -3.41354042590047e-05 -8.01818560981796e-05 -1.11255198584881e-05
"9212" -0.000116516468789836 -1.35643473312178e-05 5.69377724123216e-06 1.76485535483314e-05
"9252" 2.70491441495764e-05 8.81615261770472e-05 -1.43441909791576e-05 1.11233849712055e-05
"8316" -1.81679878773264e-05 -4.20218160981381e-05 5.12405504491893e-05 -1.75852173034405e-05
"6593" -9.19801584397714e-05 -6.89911952129649e-05 8.90154748858442e-05 -2.24936150974928e-05
"5824" 0.000130585546452184 4.65223537695396e-06 6.33980149990226e-06 -3.36323841886981e-05
"9902" 6.66761457345105e-05 0.000157016621626193 -1.16917584954247e-05 -2.16052286818154e-05
"3462" -0.000182795601683128 -8.10628454608685e-05 0.000106429564322095 -2.14601645660262e-05
"4164" 0.000107719126325084 3.3983448181948e-05 1.1734985286098e-06 -2.59451620703343e-05
"10374" 0.000278177835520423 -8.37971737365883e-05 -1.77967941637845e-05 1.40383741425582e-05
"934" -8.50048251380758e-05 0.000158978984551181 4.17221785435239e-05 0.000144234096976884
"7843" 0.000102244427366274 0.000154943046251739 -4.80297462286627e-06 -4.70612801804838e-05
"2716" 0.000117808134472301 0.000147242412109691 -3.81420440478089e-06 -5.52052346610219e-05
"10103" 2.22256718023638e-05 7.25840802805759e-05 -1.45122660220917e-05 1.23908904246554e-05
"402" -0.000285028516868002 -2.96703843729815e-05 -8.0764675083638e-05 -6.67868016639947e-06
"719" -8.33836913967107e-05 0.000189387003529271 5.41743342676763e-05 0.000170382205972009
"4874" 0.000126476683164454 6.07799749811735e-05 3.62265962613023e-06 -4.4903477038382e-05
"163" -0.0003197772946916 -4.17747997643764e-05 -6.91006281224336e-05 -1.8880127606275e-05
"11383" 0.000108984067605735 0.000131555523692916 -3.76504058166908e-06 -4.48605579635258e-05
"3284" 0.000110881158216941 7.08420329876014e-05 -4.08197297384547e-06 -3.42779577523913e-05
"1030" -0.000270462254175156 -5.42260633530193e-05 4.33337632646294e-05 -1.96859697702691e-05
"380" -0.000292934873114917 -3.75750746468639e-05 -4.12284692290475e-05 -1.63860993361719e-05
"7791" -0.000242829131374614 -9.66545345226977e-05 0.000122906893341913 -2.7565295264876e-05
"3013" -4.59857309777058e-05 4.53266476850138e-05 -1.16188923666197e-05 3.32023639672873e-05
"2972" -3.57565339196234e-05 5.71164459380452e-05 -1.3008854034426e-05 3.27349687282179e-05
"7522" 2.85929152104075e-05 0.000105863663533818 -1.34239547020463e-05 1.14069273523122e-05
"5152" 1.42652116725734e-06 8.69186081406431e-05 -1.56365350133339e-05 2.31527361181137e-05
"3333" -3.809288614625e-05 -2.12873911296606e-05 2.36863242876608e-05 3.16337119366757e-06
"2281" -5.8211769664777e-05 0.000154416360150939 2.28145175301176e-05 0.000111236957417961
"4613" -6.89859844873381e-05 9.57254470879591e-06 1.18144721956733e-07 2.4740180551524e-05
"3973" 7.30286330842567e-05 0.000114503647149895 -1.11707708175759e-05 -1.57437990908771e-05
"9074" 0.000230590220440436 -5.87030411674656e-05 -1.11682670709393e-05 1.26361758544842e-06
"7353" -1.42617212335073e-05 -2.09297016351796e-05 2.17583495706733e-05 -1.94371413416985e-06
"6543" -7.12218232922214e-05 -5.62436761338463e-05 6.5711598579862e-05 -1.45803821365217e-05
"5914" 0.000140650165110393 0.000312589331486922 1.62386670347295e-05 -0.000135173892370686
"532" -0.000272542861509872 -3.14256011154767e-05 -4.40949284335595e-05 -1.06590804782651e-05
"1941" -0.000199342206047437 -1.23751726427729e-05 -2.6484360615009e-05 6.43089078572369e-06
"3932" -9.23357719749903e-05 -9.23594326869398e-06 7.68079624005347e-06 1.94928600894809e-05
"457" -0.000289812624056853 -3.8474757250684e-05 -2.52589165145659e-05 -1.77538756818867e-05
"6343" -7.01725458079624e-06 -1.06228639937367e-05 1.40558785032167e-05 2.2552643802389e-06
"5643" -0.000105432961100315 -7.59921405094425e-05 9.92811823823756e-05 -2.59462094384923e-05
"1202" -0.000202416328455977 -8.65351309252083e-05 0.00011258567834136 -2.46110796578718e-05
"1623" 0.000129193150491507 0.000278159399140059 8.72085510813472e-06 -0.00011138187065696
"10216" 0.000104649887835643 9.44818077492804e-05 -5.09789322318848e-06 -3.25572281276224e-05
"9392" -8.53379662723746e-06 3.73375766441849e-05 -9.60555091611018e-06 1.92276614154291e-05
"3322" -0.00013573407238534 -4.36224218626181e-05 4.25991517160845e-05 3.46268849824464e-06
"9732" -0.000119449994813484 -6.03264069204544e-05 7.12373385328017e-05 -8.95793694207725e-06
"4711" -0.000221795320521939 -5.74169275614458e-05 5.95047904103895e-05 -1.03552751581365e-05
"6581" -0.00025912816478654 -0.000100940122747682 0.000131225014550695 -3.28965138395194e-05
"9393" -6.24586947098818e-05 -5.90869969582862e-05 7.18971479062519e-05 -1.97557641129165e-05
"827" -8.93757304727926e-05 0.000162374766823809 4.74723436090137e-05 0.000158326173891322
"1972" -0.000241114821167412 -0.000101393932624449 0.00015516282370417 -3.33547734353193e-05
"8212" -8.59756233424753e-05 1.75015415262387e-05 -7.85898469600595e-06 3.145448943792e-05
"953" -0.000231068160291264 -1.9225591213107e-05 -4.46662135614327e-05 7.80962928061355e-07
"7113" -9.9888142779828e-05 -3.27002968128069e-05 3.09371060279503e-05 5.90360077794522e-06
"10051" -0.000245067000149252 -0.000105099487161525 0.000143946662207493 -3.62578810003882e-05
"82" -0.00033323228538118 -4.45195493202485e-05 -7.69736695548664e-05 -2.09401388997342e-05
"2663" 0.000117626579496718 0.000244614592703617 1.63282321888989e-06 -8.80148960918148e-05
"2083" 1.88148528590679e-05 3.91785166785916e-05 -7.56529254553372e-06 8.78378138332745e-06
"3642" -5.33827900183055e-06 9.21477847872491e-05 -1.52415783467014e-05 2.68182834080789e-05
"5254" 0.000321290115290331 -0.000106190032650956 -2.36157505206159e-05 2.6663019364423e-05
"4992" -0.000254659456936509 -0.000109258584555936 0.000179593771273114 -3.82011797324099e-05
"10810" -0.000236340214390338 -4.22563768898029e-05 2.93570887293669e-05 -9.45191917246778e-06
"4017" 3.27686703792472e-05 -2.66217627588528e-05 3.98546681002761e-05 -2.49271792624461e-05
"11217" 0.000207855026434039 -3.98349585663204e-05 -4.4442624285721e-06 -1.50282947303319e-05
"7281" -4.97843576448921e-05 0.000108489139018289 -3.35335089177928e-06 5.39121585008939e-05
"6723" 0.000127576528626423 0.000238414421139818 3.26695228077121e-06 -9.20185176600168e-05
"1915" 5.91842673233698e-05 0.000103831953439057 -1.34876818753633e-05 -6.6932121036501e-06
"9271" -0.000247507712692834 -0.000106020128168876 0.00014080452543874 -3.62612353311666e-05
"11271" -0.000124008380779089 -9.03111119399661e-06 3.22143608744933e-06 1.83262785768802e-05
"8121" -0.00012758216465559 6.74243856781543e-06 -9.50054707417979e-06 2.45837034837473e-05
"7542" 2.00793444125517e-05 9.29136217049762e-05 -1.37598561050246e-05 1.4546789169462e-05
"10214" 2.41672104121922e-05 5.32432393932292e-05 -1.09626089369882e-05 9.22792853837576e-06
"9515" 0.000132134964318694 0.000217438874908646 5.98919056430305e-06 -8.53341116760583e-05
"7141" -0.000236312162007784 -8.80161794710475e-05 0.000107413234838028 -2.39065618033006e-05
"978" -6.94848482259686e-05 0.000186975498982991 4.53298771132729e-05 0.000159268999199962
"922" -7.08918414775788e-05 0.000191389747578283 4.83763971931272e-05 0.000165765013427476
"4683" 0.000133749371390565 0.000274690242876953 7.08761114099739e-06 -0.000111550550243035
"4411" -6.04351160731963e-05 0.000122397378957395 7.6332680137021e-06 7.39373277946996e-05
"773" -9.03636364458121e-05 0.00016682131014576 5.00991555243659e-05 0.000163276105297311
"2513" -0.000130015849656581 -3.33994485744865e-05 2.73182524388381e-05 7.57442924111652e-06
"6792" -9.56594377424322e-06 5.79647588696744e-05 -1.24697363025486e-05 2.25852488259863e-05
"3216" 0.000112006215770293 0.00012873856866134 -4.56436275323026e-06 -4.70737180232688e-05
"2381" -7.23589321052234e-05 0.000129221922219448 1.79457811348597e-05 9.20855192012453e-05
"19" -0.000355336579883148 -4.20342407328316e-05 -0.000134172382298438 -1.45527924797358e-05
"3181" -0.000249130341492774 -7.09583480390213e-05 7.74111754896716e-05 -1.95716971143214e-05
"1154" -7.40840469593026e-05 0.000156564489293576 3.21291103123018e-05 0.000123144297077612
"7610" -7.11711522470138e-05 0.00014845457396959 2.63091595541479e-05 0.000111115831424681
"4092" -0.000142051947395153 -5.25084778388422e-05 5.58333286789218e-05 -3.61644479035637e-06
"2742" -0.000245045102486667 -0.000103205339167678 0.000162181931271141 -3.46145382595395e-05
"4441" -6.69897834657056e-05 0.000114390650080043 7.98647028223724e-06 7.33137689255278e-05
"1642" -0.0001033969557622 -3.61106578900235e-06 2.58698595501009e-06 2.21945694920419e-05
"7914" 7.56242825542817e-05 0.000151465602894876 -1.05501264305018e-05 -2.63357751515509e-05
"10361" -0.000106075642372193 1.26077670197327e-05 -8.9663086061392e-06 2.8266507330062e-05
"44" -0.000345326024686604 -4.10373414454789e-05 -0.000122782405668748 -1.44971598062936e-05
"3291" -5.62377682250552e-05 0.000140394161788555 1.45852156227932e-05 9.31608950116347e-05
"5814" -0.000129928887081866 -7.7409444102883e-05 0.000101833793878919 -2.16861552264966e-05
"11682" 7.89849567620883e-05 0.000169186045930378 -9.49238667336612e-06 -3.26865692474028e-05
"348" -0.00030154011420404 -4.10318085105188e-05 -3.21884559993747e-05 -1.97759173042514e-05
"9321" -0.000257884797119564 -0.000111509587853832 0.000153711058378552 -4.16016678079116e-05
"4471" -7.20055145344092e-05 0.000105333073993379 7.84606454360347e-06 7.57218560243683e-05
"848" -0.000243450958739834 -2.51114473927758e-05 -2.82412980995923e-05 -5.62092318954264e-06
"11432" -0.000123445343596949 -6.99619055822658e-05 8.67422465339827e-05 -1.551230096572e-05
"10123" -5.24126869657412e-06 -2.51882326782308e-05 2.79513971553836e-05 -7.9132632490026e-06
"5802" 3.05428069241966e-05 0.000124651583611331 -1.39744921465363e-05 9.54069412448499e-06
"1076" -0.000241965377404941 -3.29726794484697e-05 6.44867809175062e-06 -8.98349846154504e-06
"7082" -8.87380593181165e-05 -2.49399717489683e-05 2.24537063981287e-05 1.02401883105729e-05
"5923" 9.12836891359078e-05 0.000142113777984176 -7.75463086343533e-06 -3.38843792880755e-05
"3834" 8.92018324400466e-05 1.01695813168854e-05 5.20369310589211e-06 -1.7801904324004e-05
"1963" 5.23094089023109e-05 8.89158552803229e-05 -1.36190858228833e-05 -8.30854757633361e-07
"11272" -7.29872421223022e-05 -3.17056719787507e-05 3.18721354183076e-05 3.78367864479136e-06
"2193" -1.00305561022711e-05 6.08576230998986e-06 3.65356020257788e-06 1.15157529197094e-05
"10584" 0.000225185031510862 -5.34836947206423e-05 -9.09828583860331e-06 -3.9924166368866e-06
"4831" -0.000258244309917756 -9.09452927123665e-05 0.000110040320465414 -2.6805468806328e-05
"987" -7.9694655381953e-05 0.000163156075362093 3.95364400437814e-05 0.000139788778495218
"4764" 0.000109626682005249 1.45732418338348e-05 6.87023301635828e-06 -2.35657523083564e-05
"4316" 9.52290306825198e-05 8.0221179426036e-05 -6.83870922442961e-06 -2.37911543455257e-05
"2904" 8.21564194398972e-05 1.50147847416553e-05 2.83968019259885e-06 -1.44432114882721e-05
"4133" 3.46774671702521e-05 4.58814302674095e-05 -1.06142044538655e-05 5.14609159464245e-06
"6583" -8.16399367397086e-05 -6.26143028358195e-05 7.6661456588357e-05 -1.84206803455572e-05
"9662" -9.94613975960939e-05 -4.50685438188218e-05 4.74100587385576e-05 -1.5057556866276e-06
"4107" 0.000117153296352883 6.69679485456555e-05 -2.923256384456e-06 -3.84770984689641e-05
"1271" -6.28370563706582e-05 0.000153431262945272 2.45384258824182e-05 0.000113175833996703
"5794" 0.000133732258716903 2.05060968523935e-05 1.17652957547183e-05 -4.04138392250373e-05
"559" -0.000274226512998329 -2.65776289310393e-05 -8.04131844614882e-05 -2.73961863291077e-06
"247" -0.000304385541815523 -3.692593269906e-05 -7.22835802832905e-05 -1.42010468073389e-05
"216" -0.000308975782516245 -3.64720625656673e-05 -8.44046451580955e-05 -1.29827326465651e-05
"9221" -0.000226894279576907 -9.20952901589504e-05 0.000114271969350302 -2.49376658172732e-05
"2543" -0.000124073322804917 -7.91849539352417e-05 0.000105674422259051 -2.54757100753209e-05
"5773" 0.0001200255438997 0.000223112807680171 3.753424846347e-08 -7.99498992720953e-05
"1161" -8.1603091165706e-05 0.000142721923686499 3.12318161880664e-05 0.000120600066091704
"1164" -8.32890555965044e-05 0.000137280111280014 3.16640592637507e-05 0.000126615280159652
"7223" 2.85249117430048e-05 1.52973040608469e-05 1.42457801820249e-06 3.32218081168225e-06
"11431" -0.000171148650937736 -5.54573399736267e-05 5.6116727091679e-05 -2.23100446903385e-06
"7503" -6.81436610609496e-05 -5.73487683224564e-05 6.7672113658606e-05 -1.61828325458563e-05
"6152" -6.24335210454541e-05 4.15082041385546e-06 1.13527730730379e-06 2.20398183728738e-05
"136" -0.000324562102565165 -4.28129117409813e-05 -7.15088497784267e-05 -1.96944702165102e-05
"7492" 3.58265476982431e-05 0.000118948063557445 -1.48028660430744e-05 4.97374298689083e-06
"10551" -0.000155776562662114 -3.62688897888384e-05 2.91770234891416e-05 4.35629554228544e-06
"2261" -5.64681772455369e-05 0.000160290926737756 2.55783697594731e-05 0.000118190643616988
"4403" -4.51561030209286e-05 -3.13563761560867e-05 3.29329057760795e-05 -1.17599465484708e-06
"1453" -9.65610747841681e-05 -5.82022420222986e-05 6.66483978751488e-05 -1.18562767931211e-05
"2164" 0.000116191816546924 0.000106672326946784 -2.24581006008136e-06 -4.51528895288449e-05
"7564" 0.000151592717069636 -9.78620970265475e-06 2.75701175155129e-06 -2.9843160255989e-05
"669" -0.000286428963532871 -4.67148842087204e-05 1.25031560272247e-05 -2.10500055511405e-05
"1751" -5.95782090206635e-05 0.000162539835234837 2.77207056097006e-05 0.000122342524849456
"3173" 1.37942861488337e-05 2.40544175693096e-05 -4.04577492252572e-06 9.4256441311923e-06
"990" -8.3969693711142e-05 0.000154296948355994 3.89117352824836e-05 0.000138766260953102
"1122" -0.000219536281241819 -1.8292267083945e-05 -2.79358951936823e-05 6.54732219684331e-07
"323" -0.000302273281342171 -3.08443254313774e-05 -0.000102427684187035 -5.60143244379418e-06
"436" -0.000284784735256702 -2.87743052167013e-05 -8.76166242529354e-05 -4.46227820253787e-06
"3602" 3.54278342195232e-06 0.000104195096942222 -1.44653212385677e-05 2.42450052616275e-05
"10491" -0.000147324140443074 -2.6161920443913e-05 1.67801115731824e-05 9.71877386035506e-06
"9491" -8.98285007774562e-05 3.79135481856317e-05 -1.15921490681111e-05 3.75796729046524e-05
"8952" -0.000132125945516387 -6.70181444052212e-05 8.06499873976727e-05 -1.18526604457738e-05
"5452" -8.59846958186637e-05 -1.27147358777682e-05 1.07221492308702e-05 1.5977684652051e-05
"11534" 0.00022143922461082 -4.81414776620255e-05 -6.80387569471361e-06 -9.99469566926471e-06
"53" -0.000343486670717889 -3.98943178043401e-05 -0.000127178685370358 -1.26457970404328e-05
"132" -0.000321838159485284 -4.06391804079384e-05 -8.1741603210884e-05 -1.70667844106431e-05
"1541" -0.00021608638526621 -2.67646992885549e-05 6.41415478752898e-06 -2.00440329012646e-06
"190" -0.000312958412316609 -3.8784538435146e-05 -7.67717240372252e-05 -1.56649530090174e-05
"8232" 5.98231626073634e-05 0.000161408889498088 -1.09557416500898e-05 -1.98569999877932e-05
"9851" -0.000187194900886367 -5.89243950726075e-05 6.49858224185573e-05 -7.42867106162902e-06
"10033" 1.72021754471201e-05 -9.37607978305649e-06 1.35565734474394e-05 -2.8370130906766e-06
"5074" 0.000323154474944417 -0.000106991098933853 -2.37266459635995e-05 2.69742564403713e-05
"262" -0.000315513542699833 -3.24014916158137e-05 -0.000115045898809041 -5.92120327357833e-06
"3710" -0.000219378468945087 -1.52459864511963e-05 -4.19223526189457e-05 5.20445338811156e-06
"836" -0.000250938053222935 -2.10011844787714e-05 -6.58873691989634e-05 1.37811016310051e-06
"547" -8.83980940117989e-05 0.000210336045982638 6.78651509778356e-05 0.000200651489529122
"1184" -0.000227108727981278 -2.55658613103629e-05 -1.13360373685948e-06 -4.53140088149546e-06
"488" -0.000274055212522021 -3.01701322501955e-05 -5.71182391296885e-05 -8.81407615813335e-06
"1139" -0.000255583923692277 -4.75526712148103e-05 3.52243482762499e-05 -1.51523701839607e-05
"11464" 0.000296386632819353 -9.30370390223219e-05 -2.00248091684066e-05 1.82406279994767e-05
"3903" 8.49815983587668e-05 0.000146147617827038 -1.15574482530227e-05 -3.0818302370973e-05
"8393" -4.3584621233362e-05 -4.45318053000219e-05 4.97206873915009e-05 -1.14516400326366e-05
"3563" -0.000110968158938114 -7.35816523592779e-05 9.48695392670241e-05 -2.28879806697983e-05
"470" -9.62474166838747e-05 0.000211140337541173 7.42171502789251e-05 0.000212881090483034
"11763" 2.32194692177317e-05 -1.29948580608732e-05 1.65400303702792e-05 -7.25701735312372e-06
"58" -0.000335788252205387 -4.37195441210933e-05 -8.86905730777538e-05 -1.95434602169357e-05
"3012" -0.0001672631563767 -5.51546578684817e-05 5.7701010974271e-05 -5.18068395120981e-06
"657" -0.000264835180308808 -3.14856773870632e-05 -2.52678132026462e-05 -1.14120981018834e-05
"4302" 2.23994629319645e-05 0.000128057419840223 -1.40079575003476e-05 1.05654994696008e-05
"615" -0.000264413747085022 -2.96735736461978e-05 -3.9630666806458e-05 -9.25501050613074e-06
"7041" -0.000208425348536983 -6.3373596031476e-05 6.84752913915751e-05 -1.00144342411732e-05
"508" -9.37551919537965e-05 0.000210184114219341 7.10260860728317e-05 0.000203699234459872
"8002" -0.000116213499713164 -5.05785390961932e-05 5.39920431173089e-05 -3.40021588210185e-06
"7394" 0.000285714258870412 -8.8165715446366e-05 -1.92292145719863e-05 1.73884584545584e-05
"11063" -2.36860035648355e-05 -4.08835496379467e-05 4.72694564071613e-05 -1.28890145671603e-05
"528" -0.000269823270404583 -2.92961395864054e-05 -5.45468885789355e-05 -8.14053360979631e-06
"5963" 8.44187905161705e-05 0.000126992162263384 -9.6679249954202e-06 -2.62377226443803e-05
"3316" 0.000106782993584588 0.000112591971721811 -5.04618207414626e-06 -4.04576890597522e-05
"8573" 0.00013404040598677 0.000235781067202947 3.45800798702317e-06 -9.36003891951695e-05
"670" -8.11556912342198e-05 0.000205756751532953 6.13164163670763e-05 0.000190147076140054
"9544" 0.000260609991388403 -7.47145706073789e-05 -1.55051441176247e-05 9.64074516153035e-06
"10114" 3.26862959089419e-05 6.52787136014243e-05 -1.27317363248175e-05 7.32520985792498e-06
"2881" -7.5545478391419e-05 0.000117661074236092 1.56512963358047e-05 9.00134894525578e-05
"909" -0.000253659393968317 -3.35830114701068e-05 -1.75278384392015e-07 -1.15279042166101e-05
"49" -0.000347735263184638 -3.96457347437817e-05 -0.000136180180231345 -1.11005954066605e-05
"2564" 1.29869798226901e-05 -3.1482264754427e-05 3.97629538859972e-05 -2.1080907701521e-05
"5274" 0.000334358754418922 -0.000113127357191984 -2.5483061598069e-05 3.03573391367841e-05
"2252" -4.96393200359729e-05 4.76786439489254e-05 -1.21786670992794e-05 3.48259250740493e-05
"5893" 9.70525247825037e-05 0.000158618789458824 -4.93831220484386e-06 -4.1737818060639e-05
"152" -0.000321347289366802 -3.61130659354409e-05 -0.000108232706875645 -1.08525777986023e-05
"2772" -0.000248709012081617 -0.000105152190370975 0.000168849524185873 -3.60488368860146e-05
"11654" 0.000258240270327987 -7.11596158999191e-05 -1.36826533216115e-05 5.30551646435358e-06
"6093" 5.83405249124796e-05 6.64477974456356e-05 -1.13515451307973e-05 -3.49910773636276e-06
"7106" -4.32673908904623e-05 -5.448035637865e-05 6.7186823453735e-05 -2.40347714645113e-05
"2413" -9.95093648619759e-05 -5.07498742991458e-06 5.18840631965336e-06 2.07552889264446e-05
"8153" 3.19438518448823e-05 1.30297196871282e-05 1.57083724761008e-06 1.22464688637602e-06
"5961" -0.000252337166767643 -9.29173737332184e-05 0.000115608985079197 -2.62123769595286e-05
"4264" 8.2812646242606e-05 -2.1014176055962e-06 1.0028383924529e-05 -1.98840852178971e-05
"7" -0.000363506436096644 -4.48039424096704e-05 -0.000133256563262366 -1.73418125410455e-05
"6161" -6.92328169553266e-05 9.22419080994727e-05 2.0517937352922e-07 6.1961398544107e-05
"1862" -0.000161475230183816 -5.64679621727228e-05 6.25500212072696e-05 -5.30694206046755e-06
"35" -0.000356915879595894 -3.97544585866367e-05 -0.000146352283360713 -1.06758417497722e-05
"905" -0.000239791303527067 -2.43887306098592e-05 -2.53176033072323e-05 -5.07904040519583e-06
"7054" 0.000362242577218607 -0.000128426054575517 -2.98495252700273e-05 3.83755708950707e-05
"513" -0.000283126234862009 -2.66782486486053e-05 -9.06922051745837e-05 -2.2398319615089e-06
"9652" -8.9696896017885e-05 -3.66764812626736e-05 3.83233348442544e-05 1.99996943337743e-06
"9394" 0.000194382099918621 -3.70153148129346e-05 -4.77747711329468e-06 -1.26826203609548e-05
"4162" -0.00016030162452799 -6.78810631841908e-05 8.1043808475233e-05 -1.19625882103122e-05
"392" -0.000299624740422724 -2.87525434389413e-05 -0.000105644631963143 -2.87260010250561e-06
"352" -9.74894075616696e-05 0.000230818132748794 8.36900821297501e-05 0.000231999637742969
"7322" -0.000265425776713164 -0.000114268524757385 0.00019881278712105 -4.16793655821425e-05
"10733" 6.80306078083835e-05 3.99960486183553e-05 -8.83330251599825e-06 -8.03828655119752e-06
"11664" 0.000270297112973405 -7.82605520138269e-05 -1.57240160953514e-05 9.6033848480554e-06
"2101" -0.000229498029743002 -4.46934221647806e-05 3.47019459960635e-05 -8.56775992819979e-06
"11524" 0.000211469734606298 -4.07272799249293e-05 -4.4352773970304e-06 -1.5600703005189e-05
"11024" 0.000253243242805218 -6.95117348928743e-05 -1.35462148328043e-05 5.43316061081013e-06
"292" -0.000305930819062935 -3.21362175349919e-05 -0.000104936225107277 -6.22630372717378e-06
"7043" 6.89308032242635e-05 7.83400630640185e-05 -1.0720643404573e-05 -9.6326135549307e-06
"972" -0.000265269129262896 -4.57429151659981e-05 2.76370431976704e-05 -1.67971908075075e-05
"171" -0.000335977923072862 -3.53384982810107e-05 -0.000132336689501992 -7.19448949699329e-06
"7152" -0.000119170867917199 -4.92520047019395e-05 5.19451316301168e-05 -2.02436939181067e-06
"1038" -7.09129050267058e-05 0.000173734757900974 3.92507526779221e-05 0.000143351819915544
"213" -0.000309643561591068 -3.49436577197506e-05 -9.45936227353327e-05 -1.08226364863667e-05
"8863" 8.8316335223451e-05 0.000103454737449858 -8.84874964746884e-06 -2.48581284341529e-05
"3111" -0.000230980884211353 -5.43359626244416e-05 5.22255669630944e-05 -1.05269932416828e-05
"1502" -6.27407851705281e-05 3.86372081448733e-05 -1.00499626409684e-05 3.61353327379844e-05
"3110" -8.07779436943899e-05 0.000138962884828287 2.88473219480756e-05 0.000115467412878526
"5522" -0.000106064157247116 -3.07174055724602e-05 2.66387517723339e-05 8.34610458867183e-06
"1191" -0.000262239103420424 -6.59213259259657e-05 6.78948493989923e-05 -1.94642605803702e-05
"682" -0.000261601466822343 -2.33350080307615e-05 -7.31015087955279e-05 -5.15707962098224e-07
"5812" -1.8796841620261e-05 0.000101825837655736 -1.18513522146974e-05 3.41323095716645e-05
"9141" -0.000208408264271191 -7.40183882276301e-05 8.86578604935887e-05 -1.62966159589511e-05
"2143" -1.839835703954e-07 1.72104992850409e-05 1.41492881422729e-06 9.93370782939239e-06
"7617" 0.000161066090784947 -1.88929326992829e-05 -9.72349868965095e-08 -2.21586155520516e-05
"455" -0.000284893248024862 -3.5767084860989e-05 -3.68757197599206e-05 -1.49241477537612e-05
"11064" 0.000267306876435512 -7.7407151734377e-05 -1.57788241778983e-05 9.93374441722638e-06
"9402" -1.83698421965268e-05 2.65529745080147e-05 -6.8928449550218e-06 1.96913070598056e-05
"11531" -0.000197721769683756 -7.87434249159341e-05 9.47431965725991e-05 -1.86462999195894e-05
"11653" 5.51830428984893e-05 1.48168972747805e-05 7.23702042982727e-07 -5.38287238415554e-06
"408" -0.000283784933939646 -3.24818570810218e-05 -6.10949787663815e-05 -1.0669510009443e-05
"9013" -0.000272914302647785 -0.000117820935163088 0.000212484094295822 -4.42177468709582e-05
"539" -0.000282101927811066 -3.68938274321784e-05 -2.02816141537019e-05 -1.65109530124989e-05
"1036" -6.83218218812203e-05 0.000182342194129418 4.23086647340984e-05 0.000152632477722358
"1762" -0.000142852393035463 -3.98798850432715e-05 3.78860866757662e-05 3.27176089710161e-06
"7164" 0.000169999311861602 -2.60775453768894e-05 -2.42725935581332e-06 -1.58574835474374e-05
"506" -8.98862113190723e-05 0.000216537692483346 7.19122382810157e-05 0.00020948444848353
"1810" -6.6662350140073e-05 0.000163362769771885 3.16730780473972e-05 0.000127720611254614
"7784" 0.000227736785506286 -5.75563691222512e-05 -1.10900077900496e-05 1.28928000137397e-06
"10721" -0.000210059696270501 -8.60144537486663e-05 0.000105025037144598 -2.27521445070607e-05
"9864" 0.000233809193569782 -5.98570827967011e-05 -1.12449304955517e-05 1.18162012423863e-06
"6712" -4.56604117885022e-05 6.47563195551655e-05 -1.14691572130942e-05 3.83430745908939e-05
"3513" -0.000252050037335173 -0.000106697695781058 0.000174832939947156 -3.7128539830898e-05
"792" -0.000247417001295938 -2.59403908046266e-05 -3.06143659706732e-05 -6.27760518271289e-06
"5734" 0.000333130546907484 -0.000112750709597496 -2.55308534836861e-05 3.02669554295517e-05
"11764" 0.000311163309642319 -0.000100822630601567 -2.20759358818347e-05 2.22082176963543e-05
"7032" -7.91109600899897e-05 -1.57740837034959e-05 1.45333947074851e-05 1.43545889879303e-05
"8912" -0.00010677124407984 -2.01479367692104e-06 -1.72333440109109e-07 2.22503262195947e-05
"5352" -5.47620873272876e-05 1.62984301549781e-05 -3.81192939681517e-06 2.64651698708456e-05
"10853" 4.222407096595e-05 6.61602248047514e-06 5.23419724887197e-06 -3.83120937179875e-06
"2342" -7.85795464832118e-05 1.44389244976449e-05 -4.56566623101099e-06 2.87934489088428e-05
"360" -0.000297891821596724 -2.97531460561859e-05 -0.000100623357762251 -4.6506434510016e-06
"11244" 0.000218351566778123 -4.73825796586222e-05 -6.81402660927085e-06 -9.54469395281437e-06
"6081" -5.41012575244539e-05 0.000114151543377851 1.23356044478728e-06 6.21149479606321e-05
"11221" -0.000113795653493549 1.63561365786174e-06 -2.81397902654318e-06 2.30011959251141e-05
"5511" -5.59457130711316e-05 0.000117427049769915 3.43450881801206e-06 6.62357878858846e-05
"3262" -0.000126085130661084 -3.53142116951732e-05 2.90767157346072e-05 6.44509561156133e-06
"3683" 0.000126386650184563 0.000258468703406409 3.42094656902537e-06 -9.91885439368726e-05
"5916" 5.9227022745623e-05 1.19643998594344e-05 3.57963309532789e-06 -6.61285140917027e-06
"715" -7.96830945981334e-05 0.000199088053385444 5.70689597428038e-05 0.000180755936411875
"4541" -0.000177703158501813 -1.51870317528352e-05 -3.62919814207306e-06 8.87848683987864e-06
"11484" 0.00030974942427588 -0.000100248450658741 -2.20264891562096e-05 2.21318866899336e-05
"223" -0.000311287706159584 -3.98623917969299e-05 -6.49030527899888e-05 -1.73479684582051e-05
"1514" 1.91661371780384e-06 3.07520788153068e-05 -7.74913378183625e-06 1.39806302054769e-05
"6934" 0.00030082125911324 -9.60652320495649e-05 -2.12904639292947e-05 2.15464802523964e-05
"661" -0.000271274487950316 -3.61736847657377e-05 -1.27739591448367e-05 -1.46491248149289e-05
"3892" -8.28830054237542e-05 9.74131725261095e-07 1.97899537747121e-06 2.17598888386797e-05
"7122" -0.000109789889094732 -4.0738228950663e-05 4.11202927905154e-05 1.77028005073395e-06
"4073" 5.13605172999337e-05 7.1381263474587e-05 -1.12761827679999e-05 -4.11747411125018e-07
"3321" -6.41167961686718e-05 0.000129786115727272 1.29762973641929e-05 8.31830745061737e-05
"2503" -0.000114159753634306 -7.27880149897537e-05 9.32032226237358e-05 -2.15480994401695e-05
"6444" 0.000151872499586 -1.66697211348957e-05 1.24825126810226e-08 -2.05519203037452e-05
"2094" -2.38951421863531e-05 -5.03080096615428e-05 6.52911919006587e-05 -2.66557216274393e-05
"1127" -0.000224062015990224 -2.10570113976984e-05 -1.59062249622165e-05 -2.3250198274774e-06
"8513" -3.31604606626461e-06 5.31647303749639e-05 -1.22287200404333e-05 1.91327753452467e-05
"691" -0.000252182501585714 -2.38624864775821e-05 -5.55481420220313e-05 -2.93865891034124e-06
"5283" 1.12941168818033e-05 8.84933923243166e-06 1.38595902328167e-06 6.18280509995057e-06
"5183" 3.82382454928185e-05 4.35652433319304e-05 -8.75415317663422e-06 3.13608462041938e-06
"10472" -8.6123761219383e-05 -3.83800042246353e-05 3.93851347761158e-05 1.75722790111516e-06
"5121" -0.000182837369809666 -2.57004388193757e-05 1.10080075133649e-05 6.50991588019347e-06
"5107" 0.000335830187042506 -0.000113757315718715 -2.55697512727746e-05 3.06168222495707e-05
"1515" -0.000117733291943989 -7.08969766403143e-05 9.14393231886202e-05 -1.98630133990541e-05
"11584" 0.000232324600554141 -5.55107872655349e-05 -9.07274114975659e-06 -4.85871995563238e-06
"6371" -0.000193707611299622 -4.48089747191627e-05 4.02499969487791e-05 -1.37899458425419e-06
"583" -0.000285505393737861 -4.12424314709053e-05 -5.58543067881625e-06 -1.89819996867546e-05
"2214" -2.76471390895882e-05 1.00087966978462e-06 5.86080772170037e-06 1.27301929311931e-05
"2443" -9.29311131786033e-05 -5.95190140331561e-05 6.84998409378849e-05 -1.24304711377211e-05
"6144" 0.000137783439611325 -8.11855132296048e-06 2.40801284085757e-06 -2.62402394382445e-05
"8194" 0.000200469792930403 -4.27204522932557e-05 -6.92356772758391e-06 -6.9695205131837e-06
"1054" -8.646267017751e-05 0.000144436366040955 3.84384734797491e-05 0.00014332582510626
"315" -0.000306342978786682 -4.21459685837325e-05 -3.44000362752365e-05 -2.06666366737601e-05
"10703" 7.63210284819427e-05 5.39107293281467e-05 -9.33824054548362e-06 -1.0636214499714e-05
"162" -0.000317389195919254 -3.9733704235877e-05 -7.90053254487849e-05 -1.63984793560387e-05
"1043" -7.63551948211194e-05 0.000162554249002707 3.64757429952452e-05 0.000132189453779621
"8224" 0.000214176937504836 -5.02374945346999e-05 -9.04583420781424e-06 -2.77616849190833e-06
"6193" 3.33379531350532e-05 2.88144455387908e-05 -6.31364324126981e-06 3.62605192702077e-06
"10504" 0.000192436136040886 -3.09430245625961e-05 -2.15684936801329e-06 -2.0188287523016e-05
"5023" 6.96181042930078e-05 9.69013519418186e-05 -1.33707703750545e-05 -1.11824345115437e-05
"2733" 0.000105123843177885 0.000212099594921725 -3.83152664563067e-06 -6.53817541117939e-05
"10334" 0.000263974727230642 -7.6155156180537e-05 -1.56875350711783e-05 9.9365858005305e-06
"5451" -0.00026440322594285 -0.000102283494690594 0.000125033561050767 -3.18169639867302e-05
"8842" -0.000102789133434918 -4.4489610016099e-05 4.4227106329188e-05 -7.74209876931443e-07
"3933" 7.90535918617087e-05 0.000129968594777153 -1.03448417077144e-05 -2.3655376641973e-05
"7081" -0.000227361228079971 -8.10682871438133e-05 9.41413223958637e-05 -1.76258399862046e-05
"8914" 5.59580551148807e-05 0.000106676849316109 -1.24144567023722e-05 -4.96637157828997e-06
"7953" 7.93172778514638e-05 9.02264303853915e-05 -1.15481656525179e-05 -1.57612072012648e-05
"2616" 0.000123283025456471 0.000162932619700333 -3.75950090994337e-07 -6.41883532594689e-05
"1024" -0.000253361906023465 -3.95778023153028e-05 1.69506565339109e-05 -1.27577181205174e-05
"3424" 7.72515264070071e-05 1.09662371219498e-06 9.03491585611132e-06 -1.50571823962618e-05
"97" -0.000326938544962703 -3.87701570428277e-05 -0.000103507777355126 -1.3902423520532e-05
"4511" -0.000170192765314324 -5.22455580835527e-06 -1.19250400567415e-05 1.16743109850223e-05
"5831" -0.000215240831281532 -6.0968573671162e-05 6.36462327314635e-05 -9.69285735420579e-06
"1211" -5.98037283013524e-05 0.000176579487702554 3.54065483612006e-05 0.000139239163528143
"7174" 0.000182359357177568 -3.33681044060925e-05 -4.53573990710827e-06 -1.14417968766873e-05
"6043" 7.28050119793925e-05 9.44755185134859e-05 -1.05587808193135e-05 -1.29851388082724e-05
"8361" -0.000201980499598775 -6.56925267373618e-05 7.2984125052975e-05 -1.03150545197275e-05
"10161" -3.80024272046244e-05 9.72575668861055e-05 -9.57228903613796e-06 4.1959249305662e-05
"9303" -2.98479250126834e-05 -3.79093634844517e-05 4.35150941848406e-05 -1.04977254363546e-05
"63" -0.000350428935980297 -3.83854157928199e-05 -0.00014207766122528 -9.58847045598592e-06
"786" -0.000243818922651625 -2.20444523291524e-05 -5.14144703047064e-05 -1.49779389287136e-06
"10832" 4.95069390400531e-05 0.00011069430981358 -1.4896123772316e-05 -2.35351017433601e-06
"11773" 1.27414974375421e-05 -1.9396076559344e-05 2.60593143715685e-05 -8.30580797830616e-06
"7822" -5.57128127431317e-05 1.30743778003451e-06 4.3963849913123e-06 1.88218929213185e-05
"8592" -3.11546924937026e-05 1.89927414398503e-05 -2.84278075297545e-06 2.07228453525269e-05
"7716" -7.19746688834895e-06 -3.47871540976983e-05 4.22309780213075e-05 -1.47801180314721e-05
"8534" 0.000176939809172687 -2.76954355150223e-05 -2.38000433761606e-06 -1.73974828230492e-05
"1402" -3.42275256882818e-05 7.53555757180522e-05 -1.27991344649053e-05 3.45854952097535e-05
"41" -0.000347659480324533 -4.04479220304924e-05 -0.000129601732008623 -1.33471688080101e-05
"4115" 4.36591979739729e-05 5.73856051073566e-05 -1.06992072267208e-05 2.60644750211611e-06
"7884" 0.000272178268318897 -8.10575675215696e-05 -1.73547526644472e-05 1.35818174555393e-05
"10811" -0.0002323599686685 -9.89441285568434e-05 0.000134143498607562 -3.12403350973326e-05
"5015" 7.6223846332332e-05 0.000111763622597318 -1.03463162993294e-05 -1.77702749032304e-05
"3524" 4.25165103648799e-05 -1.92259393468079e-05 2.87676497774285e-05 -2.03378671606769e-05
"680" -0.000268297590176822 -2.34140495873573e-05 -8.07927103276026e-05 4.13064951191912e-07
"7623" 0.000136202611056681 0.000253638865221349 4.71244900264366e-06 -0.000102000433982987
"998" -8.74034344743952e-05 0.000148186259067774 4.0867138475758e-05 0.000148406863496557
"364" -0.000292233238675984 -3.03295152660718e-05 -9.23261186850607e-05 -5.66239120715075e-06
"390" -9.61057491476953e-05 0.000225281701279609 8.00214271448022e-05 0.000223888598024139
"7851" -0.000252442537378208 -0.000105262743020632 0.000135201859460119 -3.50883328705208e-05
"4832" -0.000129447300364965 -4.53442094820395e-05 4.61278907523514e-05 4.59634420586141e-07
"414" -0.000285079442385939 -3.42378918493683e-05 -5.0508220288804e-05 -1.29364796443213e-05
"2551" -0.000217713045051204 -3.5952074250774e-05 2.45585312149328e-05 -3.98157693602905e-06
"3" -0.000362938095739281 -4.36366381379292e-05 -0.000138501681592013 -1.57528011606949e-05
"2462" -0.000119486173562059 -2.48114613083798e-05 1.80747486424098e-05 1.3225927778503e-05
"10724" 0.000279134952041672 -8.41387023291858e-05 -1.77896918285945e-05 1.39688793819612e-05
"813" -7.49922487501837e-05 0.00019502419361275 5.23730520689422e-05 0.000173228768126142
"3831" -5.52576630548493e-05 0.000135948494971039 1.19021323039025e-05 8.67037395369886e-05
"2223" -2.03451653707815e-05 -3.45120814063288e-06 7.75147094894885e-06 1.02041820526029e-05
"10110" -0.000220372617387574 -2.56869931944409e-05 4.12744096416114e-06 -3.17679633537302e-06
"7921" -3.87943548469369e-05 0.000115136511293985 -4.43049352149704e-06 5.4833886708267e-05
"8794" 0.000273635821808221 -8.1792224050428e-05 -1.75173325730022e-05 1.37294646594383e-05
"433" -0.000290361584725518 -2.82010659808281e-05 -9.55744489412895e-05 -3.44175020685984e-06
"10281" -7.59071885728617e-05 4.62378269811983e-05 -1.23581106018067e-05 4.14141776009963e-05
"4311" -0.000270685002719549 -9.7240923771271e-05 0.000121041122160467 -3.0835009305247e-05
"11301" -0.000133633909489572 -1.93503569224962e-05 9.54432900453778e-06 1.45067221931215e-05
"10002" 4.64615052309796e-05 0.000112723188343057 -1.32980016308653e-05 -2.51108673106103e-07
"10083" 6.44581651821747e-06 -1.71213579674374e-05 2.28190791282223e-05 -4.63845959606432e-06
"479" -0.00028009955852109 -2.77399222793853e-05 -8.50545252453192e-05 -3.62615819186439e-06
"3210" -8.22585609997068e-05 0.000133695519621997 2.91087092230119e-05 0.000120825989634888
"9731" -0.000159299129554446 -3.64492283141203e-05 2.58326376571543e-05 6.95177680686466e-06
"9316" 0.000120664145536707 0.000144470687592542 -6.83765851499365e-07 -5.69768281327831e-05
"3403" -5.94518903130212e-05 -3.80977574633569e-05 3.96238526100378e-05 -2.86691840540274e-06
"753" -0.000279019060565354 -4.48357623168556e-05 1.75426482406107e-05 -1.94959488413365e-05
"6394" 0.000137311959211081 2.77560887239057e-06 6.12540316796949e-06 -3.62719214128732e-05
"4863" 9.9790132300035e-05 0.00017626699356764 -5.30830038767199e-06 -4.95290908224449e-05
"10072" 3.10091423921399e-05 8.60562357328183e-05 -1.29683135584052e-05 9.44253957940005e-06
"738" -0.000249511568913238 -2.49669669333661e-05 -4.31876030914896e-05 -4.72313744078541e-06
"11715" 3.51949748426902e-05 -5.53310716555762e-06 1.00715240899559e-05 -5.49974065129142e-06
"2241" -5.8074702561901e-05 0.000171150998334016 3.1751906039886e-05 0.000130762093588008
"3541" -0.000210418644249814 -3.78293664327505e-05 2.95889520256065e-05 -2.62383137568434e-06
"202" -0.000324139331516231 -3.4114363028476e-05 -0.000121043754500603 -7.17674970019879e-06
"483" -0.00027412582005478 -2.87101040627453e-05 -6.69673041816451e-05 -6.80517588806576e-06
"11091" -7.22394177717697e-05 4.42393608094348e-05 -1.08873312679657e-05 4.10581922878552e-05
"2222" -3.96475333138265e-05 5.94566841960514e-05 -1.29502505124256e-05 3.45743123557213e-05
"2610" -7.62977800103831e-05 0.00014389432293456 2.77922307240262e-05 0.000113723582673267
"11423" 0.000104430638034565 0.000114939383469411 -3.51758050647339e-06 -3.77195921785167e-05
"7252" -0.000138751997521661 -6.42393270559832e-05 7.74165623462714e-05 -1.04468196437804e-05
"1187" -0.000235284894027054 -3.22435913001299e-05 1.1815609634671e-05 -7.70079271124671e-06
"9894" 0.000247556028092066 -6.74664918498628e-05 -1.33796609484904e-05 5.44491775772042e-06
"5544" 0.000130822961747917 2.24554202822781e-05 1.09998119576474e-05 -3.85013841073222e-05
"6854" 0.000242251837745277 -6.5109558563181e-05 -1.30468906714214e-05 5.34965265778626e-06
"5262" -2.61413659305072e-05 4.99112538919604e-05 -1.31786910804714e-05 2.71082698884221e-05
"3732" -3.22534030582465e-05 5.46115031517603e-05 -1.24081661723681e-05 3.09326256066266e-05
"1803" 7.91044797580174e-05 0.000149824200858089 -1.06963485389044e-05 -2.66120807860454e-05
"11202" -5.18664264288678e-05 -1.50918460243256e-05 1.61240956630478e-05 1.019177351152e-05
"1892" -0.00017010102593119 -6.49374848072906e-05 7.52810022199746e-05 -9.53612595481554e-06
"1157" -7.73531670737824e-05 0.000148412840878287 3.06611869779235e-05 0.000119769635868633
"2301" -6.08907626951949e-05 0.000144703096109455 1.89822014103653e-05 0.000100731201862227
"6913" -3.87967305122273e-05 2.31371641238106e-05 -6.17866194216559e-06 2.40598382039922e-05
"7883" 9.07486974157944e-05 0.000123243598712993 -7.7315389176326e-06 -3.02773861265393e-05
"589" -8.7577007032586e-05 0.000206265967149019 6.52897593947766e-05 0.000194823322761803
"337" -0.000291926686280289 -3.42627405333413e-05 -6.55006618737165e-05 -1.21025969413311e-05
"579" -0.000278860704101462 -3.63246892575676e-05 -1.69471924442118e-05 -1.60933485875607e-05
"2023" 3.62977304529175e-05 6.2986347491833e-05 -1.07722355836238e-05 5.49961078777098e-06
"10774" 0.00029314459185401 -9.16771989212634e-05 -1.98712943888329e-05 1.80290763949137e-05
"1671" -0.000250572325477318 -5.79932399517742e-05 5.83672694212455e-05 -1.55188368789829e-05
"9342" 6.20646360674623e-07 5.12960635085668e-05 -1.01814156860142e-05 1.7373017305138e-05
"2661" -0.000242878620256417 -6.21298311828003e-05 6.22801000116453e-05 -1.569872158742e-05
"2864" 9.03836120464124e-05 2.60512394956886e-05 -1.14687261031795e-06 -1.70388909724168e-05
"6042" -3.17764163413019e-05 3.57844738906004e-05 -1.01118588455356e-05 2.6339268313238e-05
"6571" -0.000248433553331609 -9.57371986171537e-05 0.000118108076027411 -2.82742700993974e-05
"5611" -6.93580892898318e-05 9.7568367379359e-05 3.09203927396613e-06 6.77081544399366e-05
"7381" -6.64245023140378e-05 8.40907667917566e-05 -4.79214302617268e-06 5.4047085883551e-05
"8834" 0.000301938204767012 -9.67632553285198e-05 -2.15114661918654e-05 2.15747613844535e-05
"726" -0.000257367808440002 -2.2329672171918e-05 -7.09878928753199e-05 3.41188844487256e-07
"11332" -9.26687577274463e-05 -4.82769344828898e-05 5.04672703407273e-05 -3.59542974740022e-06
"3064" 2.69166691731068e-05 -2.54732797859833e-05 3.27271179340403e-05 -2.06768643646789e-05
"3083" 4.00292396679777e-05 5.96479599727783e-05 -1.19673634956444e-05 4.76194345536807e-06
"8854" 0.000302293874513987 -9.6957079281908e-05 -2.15663103664209e-05 2.16799240691479e-05
"8115" 4.85724947379434e-05 3.59439277301992e-05 -8.06134090263072e-06 -2.03274906188753e-06
"8151" -0.000138354923421899 -2.94713326078264e-06 -5.12377102101233e-06 1.95368106520856e-05
"766" -8.68612322199044e-05 0.000180510190246174 5.22455185236454e-05 0.000164196612499704
"7316" 4.49104648864224e-06 -2.88085928353293e-05 3.29273102783964e-05 -1.32642777433843e-05
